Linux 7.0.0-1013-aws (ip-172-31-2-102) 	09/25/26 	_x86_64_	(4 CPU)

# Time        UID       PID    %usr %system  %guest   %wait    %CPU   CPU  minflt/s  majflt/s     VSZ     RSS   %MEM   cswch/s nvcswch/s  Command
17:06:32        0        11    0.00    0.00    0.00    0.00    0.00     0      0.00      0.00       0       0   0.00      4.95      0.00  kworker/0:1-events
17:06:32        0        16    0.00    0.00    0.00    0.00    0.00     1      0.00      0.00       0       0   0.00     30.69      0.00  rcu_sched
17:06:32        0        19    0.00    0.00    0.00    0.00    0.00     0      0.00      0.00       0       0   0.00      0.99      0.00  migration/0
17:06:32        0        25    0.00    0.00    0.00    0.00    0.00     1      0.00      0.00       0       0   0.00      1.98      0.00  migration/1
17:06:32        0        31    0.00    0.00    0.00    0.00    0.00     2      0.00      0.00       0       0   0.00      0.99      0.00  migration/2
17:06:32        0        37    0.00    0.00    0.00    0.00    0.00     3      0.00      0.00       0       0   0.00      0.99      0.00  migration/3
17:06:32        0        49    0.00    0.00    0.00    0.00    0.00     1      0.00      0.00       0       0   0.00      5.94      0.00  kworker/u16:2-events_power_efficient
17:06:32        0        52    0.00    0.00    0.00    0.00    0.00     3      0.00      0.00       0       0   0.00      1.98      0.00  kcompactd0
17:06:32        0       239    0.00    0.00    0.00    0.00    0.00     1      0.00      0.00  288968   26948   0.34      0.99      0.00  multipathd
17:06:32        0       495    0.00    0.00    0.00    0.00    0.00     3      0.00      0.00       0       0   0.00      3.96      0.00  kworker/3:3-mm_percpu_wq
17:06:32        0      2044    0.00    0.00    0.00    0.99    0.00     2      0.00      0.00       0       0   0.00      1.98      0.00  kworker/2:2-events
17:06:32        0      3261    0.00    0.00    0.00    0.00    0.00     1      0.00      0.00       0       0   0.00      3.96      0.00  kworker/1:0-events
17:06:32     1000      3335    0.00    0.00    0.00    0.00    0.00     1    408.91      0.00   32460   22128   0.28     10.89      0.00  python3
17:06:32     1000      3341    0.00    0.00    0.00    0.00    0.00     1      0.00      0.00    9900    3344   0.04      0.99      0.00  vmstat
17:06:32     1000      3342    0.00    0.00    0.00    0.00    0.00     1      0.99      0.00    7580    3632   0.05      0.99      0.00  pidstat
17:06:32     1000      3343    0.00    0.00    0.00    0.00    0.00     0    142.57      0.00    2704    1464   0.02      0.99      1.98  time
17:06:32     1000      3344   76.24   14.85    0.00    0.00   91.09     0   9600.99      0.00   52540   45416   0.57      9.90      4.95  /home/ubuntu/pa
17:06:32     1000      3345    5.94   14.85    0.00    0.00   20.79     2   8430.69      0.00 1816316   39008   0.49      3.96      3.96  hey

# Time        UID       PID    %usr %system  %guest   %wait    %CPU   CPU  minflt/s  majflt/s     VSZ     RSS   %MEM   cswch/s nvcswch/s  Command
17:06:33        0        11    0.00    0.00    0.00    0.00    0.00     0      0.00      0.00       0       0   0.00      5.00      0.00  kworker/0:1-events
17:06:33        0        16    0.00    0.00    0.00    0.00    0.00     1      0.00      0.00       0       0   0.00     24.00      0.00  rcu_sched
17:06:33        0        25    0.00    0.00    0.00    0.00    0.00     1      0.00      0.00       0       0   0.00      2.00      0.00  migration/1
17:06:33        0        32    0.00    0.00    0.00    0.00    0.00     2      0.00      0.00       0       0   0.00      1.00      0.00  ksoftirqd/2
17:06:33        0        49    0.00    0.00    0.00    0.00    0.00     1      0.00      0.00       0       0   0.00      5.00      0.00  kworker/u16:2-events_power_efficient
17:06:33        0        52    0.00    0.00    0.00    0.00    0.00     3      0.00      0.00       0       0   0.00      2.00      0.00  kcompactd0
17:06:33        0       239    0.00    0.00    0.00    0.00    0.00     1      0.00      0.00  288968   26948   0.34      1.00      0.00  multipathd
17:06:33        0       495    0.00    0.00    0.00    0.00    0.00     3      0.00      0.00       0       0   0.00      3.00      0.00  kworker/3:3-mm_percpu_wq
17:06:33        0      2044    0.00    0.00    0.00    0.00    0.00     2      0.00      0.00       0       0   0.00      2.00      0.00  kworker/2:2-mm_percpu_wq
17:06:33        0      3261    0.00    0.00    0.00    0.00    0.00     1      0.00      0.00       0       0   0.00      6.00      0.00  kworker/1:0-events
17:06:33     1000      3335    1.00    0.00    0.00    0.00    1.00     1      0.00      0.00   32460   22128   0.28      5.00      0.00  python3
17:06:33     1000      3341    0.00    0.00    0.00    0.00    0.00     1      0.00      0.00    9900    3344   0.04      1.00      0.00  vmstat
17:06:33     1000      3342    0.00    1.00    0.00    0.00    1.00     1      6.00      0.00    7580    3632   0.05      1.00      0.00  pidstat
17:06:33     1000      3344   91.00    8.00    0.00    0.00   99.00     0   1690.00      0.00   57920   50912   0.64      3.00      5.00  /home/ubuntu/pa
17:06:33     1000      3353    9.00    6.00    0.00    0.00   15.00     3  10680.00      0.00 1743160   42936   0.54      4.00      3.00  hey
17:06:33     1000      3360    0.00    1.00    0.00    0.00    1.00     2   1923.00      0.00 1824188   12900   0.16      4.00      2.00  hey

# Time        UID       PID    %usr %system  %guest   %wait    %CPU   CPU  minflt/s  majflt/s     VSZ     RSS   %MEM   cswch/s nvcswch/s  Command
17:06:34        0        11    0.00    0.00    0.00    0.00    0.00     0      0.00      0.00       0       0   0.00      8.00      0.00  kworker/0:1-events
17:06:34        0        16    0.00    0.00    0.00    0.00    0.00     1      0.00      0.00       0       0   0.00      2.00      0.00  rcu_sched
17:06:34        0        49    0.00    0.00    0.00    0.00    0.00     1      0.00      0.00       0       0   0.00      6.00      0.00  kworker/u16:2-events_power_efficient
17:06:34        0        52    0.00    0.00    0.00    0.00    0.00     3      0.00      0.00       0       0   0.00      2.00      0.00  kcompactd0
17:06:34        0       239    0.00    0.00    0.00    0.00    0.00     1      0.00      0.00  288968   26948   0.34      1.00      0.00  multipathd
17:06:34        0       495    0.00    0.00    0.00    0.00    0.00     3      0.00      0.00       0       0   0.00      2.00      0.00  kworker/3:3-mm_percpu_wq
17:06:34        0      2044    0.00    0.00    0.00    0.00    0.00     2      0.00      0.00       0       0   0.00      2.00      0.00  kworker/2:2-events
17:06:34        0      3261    0.00    0.00    0.00    0.00    0.00     1      0.00      0.00       0       0   0.00      6.00      0.00  kworker/1:0-events
17:06:34     1000      3341    0.00    0.00    0.00    0.00    0.00     1      0.00      0.00    9900    3344   0.04      1.00      0.00  vmstat
17:06:34     1000      3342    0.00    0.00    0.00    0.00    0.00     1      5.00      0.00    7580    3760   0.05      1.00      0.00  pidstat
17:06:34     1000      3344   93.00    7.00    0.00    0.00  100.00     0    564.00      0.00   57920   50912   0.64      0.00      8.00  /home/ubuntu/pa
17:06:34     1000      3353   12.00    7.00    0.00    0.00   19.00     3   6930.00      0.00 1744184   67696   0.86      0.00      0.00  hey
17:06:34     1000      3360    2.00    2.00    0.00    0.00    4.00     2   1464.00      0.00 1890048   18660   0.24      0.00      0.00  hey

# Time        UID       PID    %usr %system  %guest   %wait    %CPU   CPU  minflt/s  majflt/s     VSZ     RSS   %MEM   cswch/s nvcswch/s  Command
17:06:35        0        11    0.00    0.00    0.00    0.00    0.00     0      0.00      0.00       0       0   0.00      4.00      0.00  kworker/0:1-events
17:06:35        0        12    0.00    0.00    0.00    0.00    0.00     1      0.00      0.00       0       0   0.00      8.00      0.00  kworker/u16:0-events_unbound
17:06:35        0        16    0.00    0.00    0.00    0.00    0.00     1      0.00      0.00       0       0   0.00     10.00      0.00  rcu_sched
17:06:35        0        32    0.00    0.00    0.00    0.00    0.00     2      0.00      0.00       0       0   0.00      1.00      0.00  ksoftirqd/2
17:06:35        0        38    0.00    0.00    0.00    0.00    0.00     3      0.00      0.00       0       0   0.00      1.00      0.00  ksoftirqd/3
17:06:35        0        49    0.00    0.00    0.00    0.00    0.00     1      0.00      0.00       0       0   0.00      3.00      0.00  kworker/u16:2-events_power_efficient
17:06:35        0        52    0.00    0.00    0.00    0.00    0.00     3      0.00      0.00       0       0   0.00      2.00      0.00  kcompactd0
17:06:35        0       136    0.00    0.00    0.00    0.00    0.00     2      0.00      0.00       0       0   0.00      3.00      0.00  jbd2/nvme0n1p1-8
17:06:35        0       239    0.00    0.00    0.00    0.00    0.00     1      0.00      0.00  288968   26948   0.34      1.00      0.00  multipathd
17:06:35        0       495    0.00    0.00    0.00    0.00    0.00     3      0.00      0.00       0       0   0.00      3.00      0.00  kworker/3:3-events
17:06:35        0      2044    0.00    0.00    0.00    0.00    0.00     2      0.00      0.00       0       0   0.00      3.00      0.00  kworker/2:2-events
17:06:35        0      3261    0.00    0.00    0.00    0.00    0.00     1      0.00      0.00       0       0   0.00      6.00      0.00  kworker/1:0-events
17:06:35     1000      3335    0.00    0.00    0.00    0.00    0.00     1      0.00      0.00   32460   22128   0.28      9.00      0.00  python3
17:06:35     1000      3341    0.00    0.00    0.00    0.00    0.00     1      0.00      0.00    9900    3344   0.04      1.00      0.00  vmstat
17:06:35     1000      3342    0.00    1.00    0.00    0.00    1.00     1      0.00      0.00    7580    3760   0.05      1.00      0.00  pidstat
17:06:35     1000      3344   92.00    8.00    0.00    0.00  100.00     0     47.00      0.00   58236   51040   0.64      0.00      4.00  /home/ubuntu/pa
17:06:35     1000      3353   10.00    7.00    0.00    0.00   17.00     3    158.00      0.00 1818044   68208   0.86      0.00      0.00  hey

# Time        UID       PID    %usr %system  %guest   %wait    %CPU   CPU  minflt/s  majflt/s     VSZ     RSS   %MEM   cswch/s nvcswch/s  Command
17:06:36        0        11    0.00    0.00    0.00    0.00    0.00     0      0.00      0.00       0       0   0.00      4.00      0.00  kworker/0:1-events
17:06:36        0        12    0.00    0.00    0.00    0.00    0.00     1      0.00      0.00       0       0   0.00      8.00      0.00  kworker/u16:0-flush-259:0
17:06:36        0        16    0.00    0.00    0.00    0.00    0.00     2      0.00      0.00       0       0   0.00      1.00      0.00  rcu_sched
17:06:36        0        19    0.00    0.00    0.00    0.00    0.00     0      0.00      0.00       0       0   0.00      1.00      0.00  migration/0
17:06:36        0        25    0.00    0.00    0.00    0.00    0.00     1      0.00      0.00       0       0   0.00      1.00      0.00  migration/1
17:06:36        0        31    0.00    0.00    0.00    0.00    0.00     2      0.00      0.00       0       0   0.00      1.00      0.00  migration/2
17:06:36        0        37    0.00    0.00    0.00    0.00    0.00     3      0.00      0.00       0       0   0.00      1.00      0.00  migration/3
17:06:36        0        49    0.00    0.00    0.00    0.00    0.00     3      0.00      0.00       0       0   0.00      2.00      0.00  kworker/u16:2-flush-259:0
17:06:36        0        52    0.00    0.00    0.00    0.00    0.00     3      0.00      0.00       0       0   0.00      2.00      0.00  kcompactd0
17:06:36        0       161    0.00    0.00    0.00    0.00    0.00     0      0.00      0.00       0       0   0.00      2.00      0.00  kworker/0:1H-kblockd
17:06:36        0       239    0.00    0.00    0.00    0.00    0.00     1      0.00      0.00  288968   26948   0.34      1.00      0.00  multipathd
17:06:36        0       495    0.00    0.00    0.00    0.00    0.00     3      0.00      0.00       0       0   0.00      2.00      0.00  kworker/3:3-mm_percpu_wq
17:06:36        0      2044    0.00    0.00    0.00    0.00    0.00     2      0.00      0.00       0       0   0.00      1.00      0.00  kworker/2:2-mm_percpu_wq
17:06:36     1000      2732    0.00    0.00    0.00    0.00    0.00     1      0.00      0.00   15004    7244   0.09      1.00      0.00  sshd
17:06:36        0      3261    0.00    0.00    0.00    0.00    0.00     1      0.00      0.00       0       0   0.00      5.00      0.00  kworker/1:0-mm_percpu_wq
17:06:36     1000      3335    0.00    0.00    0.00    0.00    0.00     1      0.00      0.00   32460   22128   0.28     20.00      0.00  python3
17:06:36     1000      3341    0.00    0.00    0.00    0.00    0.00     1      0.00      0.00    9900    3344   0.04      1.00      0.00  vmstat
17:06:36     1000      3342    0.00    0.00    0.00    0.00    0.00     1      0.00      0.00    7580    3760   0.05      1.00      0.00  pidstat
17:06:36     1000      3344   93.00    7.00    0.00    0.00  100.00     0      0.00      0.00   58236   51040   0.64      0.00      7.00  /home/ubuntu/pa
17:06:36     1000      3353   13.00    8.00    0.00    0.00   21.00     3   1148.00      0.00 1818300   72048   0.91      0.00      0.00  hey
