--procs-- -----------------------memory---------------------- ---swap-- -----io---- -system-- ----------cpu----------
   r    b         swpd         free         buff        cache   si   so    bi    bo   in   cs  us  sy  id  wa  st  gu
   2    0            0      7204892        25396       332020    0    0   329   112 7874   57  22   6  72   0   0   0
   1    0            0      7249740        25396       333164    0    0     0     0 1994 2009  22   3  75   0   0   0
   2    0            0      7203428        25396       333172    0    0     0     0 7915 21791  27   5  68   0   0   0
   2    0            0      7168012        25396       333176    0    0     0    32 10462 33252  27   5  67   0   0   0
   1    0            0      7164484        25396       333176    0    0     0     0 10401 32808  28   4  68   0   0   0
   3    0            0      7170212        25396       333180    0    0     0     0 10287 33398  28   5  68   0   0   0
   3    0            0      7172240        25396       333180    0    0     0     0 10272 33427  27   5  67   0   0   0
   1    0            0      7174116        25396       333184    0    0     0     0 10225 33652  27   5  68   0   0   0
   3    0            0      7176572        25396       333188    0    0     0     0 10202 33230  27   5  67   0   0   0
   2    0            0      7174328        25396       333188    0    0     0     0 10351 33693  27   5  68   0   0   0
   1    0            0      7176452        25396       333192    0    0     0     0 10248 33503  27   5  68   0   0   0
   2    0            0      7176872        25396       333192    0    0     0     0 10317 33705  28   5  68   0   0   0
   3    0            0      7175872        25396       333196    0    0     0     0 10247 33290  27   5  68   0   0   0
   1    0            0      7179972        25396       333196    0    0     0    12 10718 35961  27   5  68   0   0   0
   3    0            0      7210496        25396       333216    0    0     0  1024 4611 13350  14   3  83   0   0   0
   2    0            0      7259104        25396       333228    0    0     0     0 2217 2402  23   4  73   0   0   0
   2    0            0      7203368        25396       333232    0    0     0     0 4817 6489  27   4  69   0   0   0
   2    0            0      7182704        25396       333236    0    0     0     0 4865 7417  27   4  70   0   0   0
   2    0            0      7177384        25396       333236    0    0     0     4 4889 8348  26   4  70   0   0   0
   2    0            0      7179404        25396       333240    0    0     0     0 5160 8803  26   4  70   0   0   0
   2    0            0      7173160        25396       333244    0    0     0     0 4981 8261  26   4  70   0   0   0
--procs-- -----------------------memory---------------------- ---swap-- -----io---- -system-- ----------cpu----------
   r    b         swpd         free         buff        cache   si   so    bi    bo   in   cs  us  sy  id  wa  st  gu
   2    0            0      7178972        25396       333244    0    0     0     0 4705 7590  27   3  70   0   0   0
   2    0            0      7166328        25396       333248    0    0     0     0 4855 7908  27   4  70   0   0   0
   2    0            0      7175164        25396       333248    0    0     0    16 4820 7837  26   4  70   0   0   0
   2    0            0      7175460        25396       333252    0    0     0  3500 4827 7749  26   3  70   0   0   0
   2    0            0      7173160        25396       333256    0    0     0  1160 4841 7861  27   3  70   0   0   0
   2    0            0      7171868        25396       333256    0    0     0     0 4786 7797  27   4  70   0   0   0
   2    0            0      7179744        25396       333260    0    0     0     0 5063 8314  26   4  70   0   0   0
   2    0            0      7249736        25400       333256    0    0     0  1024 2439 3436  12   4  84   0   0   0
   2    0            0      7257732        25408       333268    0    0     0   108 5906 9650  24   8  68   0   0   0
   2    0            0      7183136        25408       333272    0    0     0    24 5640 8676  27   5  69   0   0   0
   4    0            0      7178292        25408       333276    0    0     0     0 5488 9098  26   5  69   0   0   0
   5    0            0      7169736        25868       333452    0    0   460     0 5626 9130  27   5  67   2   0   0
   2    0            0      7112624        25872       333500    0    0     0     4 5357 9125  32   7  61   0   0   0
   1    0            0      7154308        25872       333536    0    0     0     0 5813 10194  27   4  69   0   0   0
   1    0            0      7149072        25872       333540    0    0     0   188 5824 10513  26   5  69   0   0   0
   1    0            0      7135692        25872       333544    0    0     0     0 5976 11087  27   4  69   0   0   0
   1    0            0      7134220        25872       333544    0    0     0     0 6114 11554  26   5  69   0   0   0
   1    0            0      7129172        25872       333548    0    0     0     0 6391 12283  26   5  69   0   0   0
   1    0            0      7128188        25872       333548    0    0     0     0 6548 12862  27   5  69   0   0   0
   1    0            0      7131456        25872       333552    0    0     0     0 6847 14139  27   4  69   0   0   0
   0    0            0      7162944        25872       333560    0    0     0     0 5480 11174  21   3  76   0   0   0
--procs-- -----------------------memory---------------------- ---swap-- -----io---- -system-- ----------cpu----------
   r    b         swpd         free         buff        cache   si   so    bi    bo   in   cs  us  sy  id  wa  st  gu
   3    0            0      7134620        25872       333572    0    0     0  1024 3920 6253  18   7  76   0   0   0
   1    0            0      7185908        25872       333580    0    0     0     0 5447 8177  25   6  69   0   0   0
   1    0            0      7174856        25872       333584    0    0     0     0 3930 4781  25   5  70   0   0   0
   1    0            0      7175552        25872       333584    0    0     0    24 4213 6447  26   4  70   0   0   0
   3    0            0      7166648        25872       333588    0    0     0     0 4341 6716  26   4  70   0   0   0
   3    0            0      7161612        25872       333592    0    0     0     0 4321 6818  26   4  70   0   0   0
   1    0            0      7151640        25872       333592    0    0     0     0 4407 6869  26   4  70   0   0   0
   1    0            0      7146816        25872       333596    0    0     0     0 4487 6978  26   5  70   0   0   0
   1    0            0      7138320        25872       333596    0    0     0     4 4365 6746  26   4  70   0   0   0
   1    0            0      7136668        25872       333600    0    0     0     0 4523 7455  26   5  69   0   0   0
   3    0            0      7128068        25872       333604    0    0     0     0 4615 7534  26   4  70   0   0   0
   3    0            0      7128488        25872       333604    0    0     0     0 4532 7276  26   5  69   0   0   0
   1    0            0      7141324        25872       333608    0    0     0     0 4754 7559  27   3  70   0   0   0
   0    0            0      7190336        25872       333616    0    0     0     0 2502 3590  15   3  83   0   0   0
   1    0            0      7224960        25892       333652    0    0     0  4900 5869 9691  22   9  69   0   0   0
   1    0            0      7196484        25896       333660    0    0     0     0 6307 10150  26   5  69   0   0   0
   1    0            0      7185612        25896       333664    0    0     0     0 6450 11822  26   5  69   0   0   0
   1    0            0      7176376        25896       333664    0    0     0     0 6384 11992  26   5  69   0   0   0
   1    0            0      7162728        25896       333668    0    0     0   104 6386 11808  27   5  69   0   0   0
   1    0            0      7157324        25896       333668    0    0     0    20 6450 12039  26   5  69   0   0   0
   2    0            0      7150960        25896       333676    0    0     0     0 6294 11741  26   5  69   0   0   0
--procs-- -----------------------memory---------------------- ---swap-- -----io---- -system-- ----------cpu----------
   r    b         swpd         free         buff        cache   si   so    bi    bo   in   cs  us  sy  id  wa  st  gu
   1    0            0      7143112        25896       333676    0    0     0     8 6284 11517  27   4  69   0   0   0
   1    0            0      7138984        25896       333684    0    0     0     8 5740 10067  26   4  70   0   0   0
   1    0            0      7133140        25896       333684    0    0     0     0 5727 10082  26   5  69   0   0   0
   1    0            0      7132576        25896       333684    0    0     0    88 5827 10184  26   5  69   0   0   0
   1    0            0      7132272        25896       333692    0    0     0     0 5996 10891  27   4  69   0   0   0
   1    0            0      7132272        25896       333692    0    0     0     0 6273 11531  27   4  69   0   0   0
   3    0            0      7249488        25896       333712    0    0     0  1024 2937 4321  14   4  82   0   0   0
   1    0            0      7254828        25896       333720    0    0     0     0 6144 9899  23   8  69   0   0   0
   1    0            0      7192208        25896       333720    0    0     0     0 4683 6307  26   5  69   0   0   0
   3    0            0      7180320        25896       333724    0    0     0     0 4651 6953  27   4  69   0   0   0
   1    0            0      7171060        25896       333724    0    0     0     0 4820 7216  26   4  69   0   0   0
   1    0            0      7165464        25896       333724    0    0     0     0 4538 6756  26   4  70   0   0   0
   1    0            0      7157592        25896       333732    0    0     0     0 4645 7005  26   5  69   0   0   0
   4    0            0      7150456        25896       333732    0    0     0    20 4741 7544  26   5  70   0   0   0
   1    0            0      7148564        25896       333732    0    0     0     0 4684 7355  26   4  70   0   0   0
   1    0            0      7143544        25896       333736    0    0     0     0 4793 7602  26   5  70   0   0   0
   1    0            0      7137632        25896       333736    0    0     0     0 4839 7696  26   5  70   0   0   0
   1    0            0      7128564        25896       333740    0    0     0     0 4862 7807  26   5  70   0   0   0
   1    0            0      7137024        25896       333740    0    0     0     0 5213 8364  27   3  70   0   0   0
   0    0            0      7168764        25896       333756    0    0     0     0 4220 6767  21   2  77   0   0   0
   1    0            0      7251660        25896       333764    0    0     0  1024 1585 1346  19   3  78   0   0   0
--procs-- -----------------------memory---------------------- ---swap-- -----io---- -system-- ----------cpu----------
   r    b         swpd         free         buff        cache   si   so    bi    bo   in   cs  us  sy  id  wa  st  gu
   1    0            0      7221100        25896       333764    0    0     0     0 4139 5677  25   4  71   0   0   0
   3    0            0      7184928        25896       333776    0    0     0     0 4900 7174  26   4  70   0   0   0
   1    0            0      7178852        25904       333776    0    0     0    84 4535 7332  26   4  70   0   0   0
   3    0            0      7173392        25904       333780    0    0     0     0 4576 7287  26   4  70   0   0   0
   1    0            0      7172132        25904       333780    0    0     0     0 4574 7519  26   4  70   0   0   0
   1    0            0      7179724        25904       333780    0    0     0     0 4605 7489  26   4  70   0   0   0
   1    0            0      7173516        25904       333784    0    0     0     0 4839 7962  26   4  70   0   0   0
   1    0            0      7167616        25904       333784    0    0     0     4 5114 8793  27   3  70   0   0   0
   1    0            0      7166556        25904       333792    0    0     0     0 5494 9577  27   3  70   0   0   0
   1    0            0      7159020        25904       333792    0    0     0     0 5641 10020  27   4  70   0   0   0
   1    0            0      7159988        25904       333800    0    0     0     0 5733 10524  26   4  70   0   0   0
   1    0            0      7168664        25904       333800    0    0     0     0 5806 10677  27   3  70   0   0   0
   1    0            0      7210716        25904       333808    0    0     0     0 3557 6133  16   3  81   0   0   0
   1    0            0      7250400        25904       333832    0    0     0  1024 2244 2547  22   3  75   0   0   0
   1    0            0      7210760        25904       333836    0    0     0     0 10699 36488  27   6  67   0   0   0
   4    0            0      7181524        25904       333840    0    0     0     0 12829 47087  28   6  66   0   0   0
   2    0            0      7177996        25904       333840    0    0     0     0 12587 46568  28   5  67   0   0   0
   2    0            0      7182752        25904       333844    0    0     0   120 12781 46743  28   6  66   0   0   0
   2    0            0      7182356        25904       333844    0    0     0     0 12713 46653  28   5  67   0   0   0
   3    0            0      7180380        25904       333848    0    0     0     0 12621 46448  28   6  67   0   0   0
   1    0            0      7177996        25904       333848    0    0     0     0 12554 44737  28   5  66   0   0   0
--procs-- -----------------------memory---------------------- ---swap-- -----io---- -system-- ----------cpu----------
   r    b         swpd         free         buff        cache   si   so    bi    bo   in   cs  us  sy  id  wa  st  gu
   1    0            0      7177956        25904       333852    0    0     0     0 12570 44600  28   6  67   0   0   0
   1    0            0      7177080        25904       333852    0    0     0     0 12565 45713  28   5  67   0   0   0
   1    0            0      7174960        25904       333860    0    0     0     0 12648 44456  28   6  66   0   0   0
   1    0            0      7178144        25904       333860    0    0     0     0 12415 46802  28   5  67   0   0   0
   1    0            0      7177468        25904       333860    0    0     0     0 13170 49801  28   6  66   0   0   0
