--procs-- -----------------------memory---------------------- ---swap-- -----io---- -system-- ----------cpu----------
   r    b         swpd         free         buff        cache   si   so    bi    bo   in   cs  us  sy  id  wa  st  gu
   2    0            0      7327592        22792       286100    0    0   790   152 1693   10   6   1  93   0   0   0
   1    0            0      7274356        22792       286180    0    0     0    52 12731 41308  26   5  69   0   0   0
   3    0            0      7268304        22792       286216    0    0     0     0 14982 49853  29   6  65   0   0   0
   1    0            0      7269124        22792       286220    0    0     0     0 15317 48842  28   7  65   0   0   0
   1    0            0      7262732        22792       286220    0    0     0     0 14621 43376  28   6  66   0   0   0
   1    0            0      7265040        22792       286224    0    0     0     0 13786 38359  28   5  67   0   0   0
   1    0            0      7266780        22792       286228    0    0     0    20 13532 39398  29   5  66   0   0   0
   1    0            0      7267988        22792       286228    0    0     0     0 12018 32547  28   6  67   0   0   0
   3    0            0      7268188        22792       286228    0    0     0     0 14441 42730  28   5  67   0   0   0
   1    0            0      7267180        22792       286232    0    0     0     0 13585 38109  28   5  67   0   0   0
   1    0            0      7266676        22792       286236    0    0     0     0 14329 40739  28   5  66   0   0   0
   1    0            0      7265668        22792       286236    0    0     0    16 15175 45011  28   5  67   0   0   0
   1    0            0      7320620        22792       286260    0    0     0     0 6518 19845  15   3  81   0   0   0
   1    0            0      7301232        22792       286264    0    0     0    60 14405 47906  28   6  66   0   0   0
   1    0            0      7285860        22792       286268    0    0     0     0 13684 43063  28   6  66   0   0   0
   1    0            0      7279812        22792       286272    0    0     0     0 13625 39763  28   6  66   0   0   0
   1    0            0      7272000        22792       286272    0    0     0    28 13958 39799  28   5  67   0   0   0
   3    0            0      7239592        22792       286312    0    0     0     4 11357 33491  32   8  60   0   0   0
   2    0            0      7243504        22800       286308    0    0     0   100 12880 36309  28   5  67   0   0   0
   1    0            0      7243504        22800       286312    0    0     0     0 14017 40542  28   5  67   0   0   0
   2    0            0      7245792        22800       286316    0    0     0     0 14077 42639  28   5  67   0   0   0
--procs-- -----------------------memory---------------------- ---swap-- -----io---- -system-- ----------cpu----------
   r    b         swpd         free         buff        cache   si   so    bi    bo   in   cs  us  sy  id  wa  st  gu
   2    0            0      7249276        22800       286316    0    0     0    16 13735 38652  28   5  67   0   0   0
   2    0            0      7252212        22800       286320    0    0     0     0 12907 35699  28   5  67   0   0   0
   1    0            0      7333540        22800       286324    0    0     0     0 11270 32375  23   4  72   0   0   0
   2    0            0      7301324        22800       286336    0    0     0     0 9211 29201  20   4  76   0   0   0
   3    0            0      7299604        22800       286344    0    0     0     0 13454 38742  27   6  67   0   0   0
   2    0            0      7290396        22800       286344    0    0     0     0 12182 31337  28   5  67   0   0   0
   3    0            0      7275020        22800       286348    0    0     0    24 13047 36127  28   6  67   0   0   0
   2    0            0      7273536        22800       286348    0    0     0     0 13007 35559  29   6  66   0   0   0
   2    0            0      7273832        22808       286416    0    0    56     0 11645 31233  28   6  66   0   0   0
   2    0            0      7272628        22808       286420    0    0     0     0 13809 41573  28   5  67   0   0   0
   2    0            0      7271868        22808       286428    0    0     0     0 13399 38081  28   5  67   0   0   0
   5    0            0      7270696        22808       286428    0    0     0   188 12533 33753  28   5  67   0   0   0
   2    0            0      7269208        22808       286432    0    0     0     0 12792 34184  28   5  68   0   0   0
   4    0            0      7268368        22808       286436    0    0     0     0 13347 37711  28   5  67   0   0   0
   2    0            0      7324732        22808       286448    0    0     0     0 5901 16039  16   3  81   0   0   0
   2    0            0      7288724        22808       286452    0    0     0     0 12961 35544  27   6  66   0   0   0
   2    0            0      7290016        22808       286456    0    0     0     4 14713 45352  28   6  66   0   0   0
   2    0            0      7284056        22808       286460    0    0     0     0 12629 34502  27   5  67   0   0   0
   2    0            0      7269184        22808       286464    0    0     0     0 13657 39167  28   5  66   0   0   0
   1    0            0      7268544        22808       286464    0    0     0     0 13727 39247  28   5  67   0   0   0
   1    0            0      7268068        22808       286468    0    0     0     0 11728 31295  28   5  67   0   0   0
--procs-- -----------------------memory---------------------- ---swap-- -----io---- -system-- ----------cpu----------
   r    b         swpd         free         buff        cache   si   so    bi    bo   in   cs  us  sy  id  wa  st  gu
   1    0            0      7267396        22808       286468    0    0     0    16 12325 32616  28   5  68   0   0   0
   2    0            0      7266444        22808       286472    0    0     0     0 12679 33362  28   5  67   0   0   0
   1    0            0      7265684        22808       286472    0    0     0     0 13256 36266  28   4  68   0   0   0
   3    0            0      7265016        22808       286476    0    0     0     0 13851 39637  28   6  66   0   0   0
   1    0            0      7264508        22808       286476    0    0     0     0 13273 36355  28   5  67   0   0   0
   1    0            0      7303624        22808       286492    0    0     0     8 6624 22203  15   4  81   0   0   0
   1    0            0      7299692        22820       286528    0    0     0  3092 13503 39123  28   6  66   0   0   0
   1    0            0      7284820        22820       286532    0    0     0    96 12247 31211  27   6  67   0   0   0
   1    0            0      7257912        22820       286536    0    0     0     0 13111 36242  28   5  67   0   0   0
   1    0            0      7257496        22820       286536    0    0     0     0 13721 39725  27   6  67   0   0   0
   1    0            0      7257240        22820       286540    0    0     0     0 13498 37479  28   5  67   0   0   0
   1    0            0      7256600        22820       286540    0    0     0  2284 13970 39641  27   6  67   0   0   0
   1    0            0      7256344        22820       286544    0    0     0     0 13855 39709  28   5  67   0   0   0
   1    0            0      7255896        22820       286548    0    0     0     0 12445 32857  28   5  67   0   0   0
   2    0            0      7254692        22820       286548    0    0     0     0 12322 33191  28   4  68   0   0   0
   1    0            0      7253992        22820       286552    0    0     0    16 12326 31327  28   5  67   0   0   0
   1    0            0      7351096        22820       286560    0    0     0     0 8741 24256  18   4  79   0   0   0
   1    0            0      7289396        22820       286568    0    0     0     4 12599 41519  26   6  68   0   0   0
   1    0            0      7290060        22820       286572    0    0     0     0 14753 46212  28   7  65   0   0   0
   1    0            0      7281044        22820       286576    0    0     0     0 11785 30059  28   5  67   0   0   0
   1    0            0      7264940        22820       286576    0    0     0     0 13189 36664  28   6  67   0   0   0
--procs-- -----------------------memory---------------------- ---swap-- -----io---- -system-- ----------cpu----------
   r    b         swpd         free         buff        cache   si   so    bi    bo   in   cs  us  sy  id  wa  st  gu
   1    0            0      7264300        22820       286584    0    0     0     0 12829 34972  28   5  67   0   0   0
   1    0            0      7263820        22820       286584    0    0     0     0 13985 39056  28   5  66   0   0   0
   1    0            0      7263372        22820       286592    0    0     0     0 14201 41356  28   6  66   0   0   0
   3    0            0      7262732        22820       286592    0    0     0     0 13602 38467  28   5  67   0   0   0
   1    0            0      7262476        22820       286592    0    0     0     0 14284 42881  28   5  66   0   0   0
   1    0            0      7262060        22820       286596    0    0     0   112 13152 37614  28   6  66   0   0   0
   1    0            0      7261136        22820       286596    0    0     0     0 12689 33738  28   6  67   0   0   0
   1    0            0      7318776        22820       286624    0    0     0     0 6213 17801  15   3  82   0   0   0
   1    0            0      7317924        22824       286620    0    0     0     0 14558 45376  28   7  65   0   0   0
   2    0            0      7298800        22824       286628    0    0     0     0 14819 49784  28   7  66   0   0   0
   3    0            0      7283960        22824       286632    0    0     0     0 12186 30390  27   5  68   0   0   0
   1    0            0      7272736        22824       286632    0    0     0     0 11316 28933  27   5  68   0   0   0
   1    0            0      7272480        22824       286636    0    0     0     0 13075 35721  28   5  67   0   0   0
   1    0            0      7271528        22824       286636    0    0     0     0 13522 37610  28   4  68   0   0   0
   1    0            0      7270860        22824       286640    0    0     0     0 14183 42266  28   5  67   0   0   0
   1    0            0      7270352        22832       286640    0    0     0    76 14429 44962  28   5  67   0   0   0
   1    0            0      7269148        22832       286644    0    0     0     0 13903 39370  28   5  67   0   0   0
   4    0            0      7268508        22832       286644    0    0     0     0 12580 32997  28   5  67   0   0   0
   0    0            0      7347156        22832       286660    0    0     0     0 11506 32884  24   4  72   0   0   0
   2    0            0      7295556        22832       286664    0    0     0     0 9196 31295  19   5  76   0   0   0
   2    0            0      7301408        22832       286668    0    0     0     4 14944 46267  28   7  65   0   0   0
--procs-- -----------------------memory---------------------- ---swap-- -----io---- -system-- ----------cpu----------
   r    b         swpd         free         buff        cache   si   so    bi    bo   in   cs  us  sy  id  wa  st  gu
   1    0            0      7292364        22832       286672    0    0     0     0 15493 50955  28   6  65   0   0   0
   1    0            0      7276232        22832       286672    0    0     0     0 14758 45398  28   6  66   0   0   0
   1    0            0      7275088        22832       286688    0    0     0     0 12852 34518  29   5  67   0   0   0
   1    0            0      7274356        22832       286688    0    0     0     0 14677 44354  28   6  66   0   0   0
   1    0            0      7272932        22832       286688    0    0     0     0 14822 43318  29   6  66   0   0   0
   1    0            0      7271756        22832       286692    0    0     0     0 9555 21008  28   5  68   0   0   0
   1    0            0      7269512        22832       286692    0    0     0     0 13706 38835  28   6  66   0   0   0
   1    0            0      7268368        22832       286696    0    0     0     0 13255 36049  27   6  67   0   0   0
   1    0            0      7267272        22832       286696    0    0     0     0 13884 40801  28   6  66   0   0   0
   0    0            0      7331516        22832       286716    0    0     0    16 6344 17895  16   3  81   0   0   0
   1    0            0      7291224        22832       286720    0    0     0     0 14377 43645  28   5  67   0   0   0
   1    0            0      7285460        22832       286728    0    0     0     0 14037 39984  28   6  66   0   0   0
   4    0            0      7283472        22832       286728    0    0     0     0 13801 38946  28   5  67   0   0   0
   1    0            0      7271492        22832       286728    0    0     0     0 12996 34430  27   5  67   0   0   0
   3    0            0      7271236        22832       286732    0    0     0     0 13510 38103  28   5  67   0   0   0
   3    0            0      7270568        22832       286732    0    0     0     0 14105 41701  28   5  67   0   0   0
   1    0            0      7269808        22832       286740    0    0     0     0 13229 35889  28   5  67   0   0   0
   2    0            0      7253540        22832       286740    0    0     0     0 12101 32208  29   5  66   0   0   0
   1    0            0      7253756        22832       286752    0    0     0     8 12347 34491  32   6  61   0   0   0
   1    0            0      7254500        22832       286752    0    0     0   112 13779 39164  28   5  67   0   0   0
   1    0            0      7256144        22832       286752    0    0     0     0 11797 30620  28   5  68   0   0   0
--procs-- -----------------------memory---------------------- ---swap-- -----io---- -system-- ----------cpu----------
   r    b         swpd         free         buff        cache   si   so    bi    bo   in   cs  us  sy  id  wa  st  gu
   1    0            0      7294320        22832       286768    0    0     0     0 6562 18535  15   4  81   0   0   0
   1    0            0      7306748        22832       286780    0    0     0     0 14930 49940  29   6  65   0   0   0
   1    0            0      7282984        22832       286788    0    0     0     0 14268 39314  28   5  67   0   0   0
   1    0            0      7267408        22844       286788    0    0     0    80 13629 36205  29   6  65   0   0   0
   1    0            0      7265620        22844       286792    0    0     0    68 12495 30840  28   5  68   0   0   0
   1    0            0      7263712        22844       286792    0    0     0     0 13294 35794  28   5  67   0   0   0
   2    0            0      7262120        22844       286792    0    0     0     0 13965 41161  29   5  66   0   0   0
   1    0            0      7260272        22844       286796    0    0     0     0 13010 33836  28   5  67   0   0   0
   1    0            0      7258428        22844       286796    0    0     0     0 13907 39320  29   5  66   0   0   0
   2    0            0      7257216        22844       286800    0    0     0    24 13943 40301  28   5  66   0   0   0
   1    0            0      7256276        22844       286800    0    0     0     0 15112 49056  29   6  65   0   0   0
   0    0            0      7338984        22844       286816    0    0     0     0 8989 25423  18   4  78   0   0   0
   1    0            0      7290164        22844       286820    0    0     0     0 11546 34780  25   5  69   0   0   0
   1    0            0      7289184        22848       286832    0    0     0     0 14411 42708  28   6  66   0   0   0
   1    0            0      7281456        22848       286832    0    0     0     0 13978 37526  28   5  68   0   0   0
   1    0            0      7263872        22848       286832    0    0     0     0 14357 39672  29   5  66   0   0   0
   3    0            0      7262976        22848       286840    0    0     0     0 12967 34986  28   4  68   0   0   0
   1    0            0      7261860        22848       286840    0    0     0     0 13829 40010  28   5  67   0   0   0
   2    0            0      7260652        22848       286840    0    0     0     0 14327 41589  29   5  67   0   0   0
   2    0            0      7259476        22848       286844    0    0     0    12 13949 41045  29   5  67   0   0   0
   2    0            0      7257768        22848       286848    0    0     0     0 13716 39073  28   5  67   0   0   0
--procs-- -----------------------memory---------------------- ---swap-- -----io---- -system-- ----------cpu----------
   r    b         swpd         free         buff        cache   si   so    bi    bo   in   cs  us  sy  id  wa  st  gu
   1    0            0      7256652        22848       286852    0    0     0     0 13858 40004  28   5  67   0   0   0
   1    0            0      7255528        22848       286852    0    0     0     0 13527 39331  28   5  67   0   0   0
   1    0            0      7312644        22848       286876    0    0     0     0 6447 19655  15   3  82   0   0   0
   2    0            0      7310384        22848       286876    0    0     0     4 14955 48755  28   6  66   0   0   0
   3    0            0      7291504        22848       286888    0    0     0     0 14727 45172  29   6  65   0   0   0
   1    0            0      7275152        22848       286888    0    0     0     0 15152 44617  29   4  67   0   0   0
   1    0            0      7273220        22848       286892    0    0     0  3680 14129 40833  28   5  67   0   0   0
   3    0            0      7271628        22848       286892    0    0     0     0 13310 36284  29   4  67   0   0   0
   1    0            0      7269976        22848       286896    0    0     0    84 12947 33637  28   5  67   0   0   0
   1    0            0      7268012        22848       286896    0    0     0     0 13816 38086  28   4  67   0   0   0
   3    0            0      7266896        22848       286900    0    0     0     0 12701 35052  28   5  67   0   0   0
   3    0            0      7265496        22848       286900    0    0     0     0 12631 33523  28   5  67   0   0   0
   1    0            0      7263872        22848       286908    0    0     0     0 13068 35778  28   5  67   0   0   0
   0    0            0      7347804        22856       286916    0    0     0    64 11233 29987  24   4  72   0   0   0
   1    0            0      7298276        22856       286952    0    0     0     0 8676 25077  19   4  76   0   0   0
   2    0            0      7296312        22856       286960    0    0     0     0 14591 43367  29   5  66   0   0   0
   1    0            0      7282876        22856       286960    0    0     0     0 13117 36264  28   5  67   0   0   0
   2    0            0      7266860        22856       286964    0    0     0     0 12720 33941  28   4  68   0   0   0
   1    0            0      7264036        22856       286964    0    0     0     0 12829 33865  28   4  68   0   0   0
   1    0            0      7262632        22856       286968    0    0     0     0 12673 33764  28   4  68   0   0   0
   1    0            0      7261488        22856       286968    0    0     0     0 13672 37998  29   4  67   0   0   0
--procs-- -----------------------memory---------------------- ---swap-- -----io---- -system-- ----------cpu----------
   r    b         swpd         free         buff        cache   si   so    bi    bo   in   cs  us  sy  id  wa  st  gu
   1    0            0      7258516        22856       286984    0    0     8     0 14004 39765  28   5  67   0   0   0
   1    0            0      7257144        22856       286984    0    0     0     0 12829 34061  28   5  67   0   0   0
   1    0            0      7256248        22856       286984    0    0     0    32 13257 35971  28   5  67   0   0   0
   1    0            0      7256820        22856       286988    0    0     0     0 14201 40600  28   5  67   0   0   0
   0    0            0      7317756        22856       287004    0    0     0     0 6438 18106  16   3  81   0   0   0
   1    0            0      7280724        22856       287004    0    0     0     0 14427 43493  29   5  66   0   0   0
   1    0            0      7288748        22856       287012    0    0     0     0 13851 39211  28   6  66   0   0   0
   1    0            0      7277772        22856       287012    0    0     0     0 13724 39114  29   5  66   0   0   0
   1    0            0      7267524        22856       287016    0    0     0     0 14100 39462  28   5  67   0   0   0
   1    0            0      7267044        22856       287020    0    0     0     0 14844 43579  29   5  67   0   0   0
   1    0            0      7266436        22856       287032    0    0     0     0 12422 34171  28   5  68   0   0   0
   1    0            0      7264584        22856       287032    0    0     0     0 11036 26810  27   5  68   0   0   0
   1    0            0      7263212        22856       287032    0    0     0     0 11181 27362  28   4  68   0   0   0
   1    0            0      7261724        22856       287036    0    0     0    16 14250 41272  29   5  67   0   0   0
   3    0            0      7261052        22856       287036    0    0     0     0 14497 42494  28   5  67   0   0   0
   1    0            0      7259956        22856       287040    0    0     0     0 13393 37210  28   5  67   0   0   0
   1    0            0      7308076        22856       287052    0    0     0     0 6437 17774  16   3  81   0   0   0
   1    0            0      7291776        22860       287060    0    0     0     0 14206 39463  28   6  66   0   0   0
   4    0            0      7278840        22864       287060    0    0     0    80 13546 36116  28   6  66   0   0   0
   1    0            0      7265180        22864       287068    0    0     0     0 12374 32292  29   5  66   0   0   0
   3    0            0      7264192        22864       287068    0    0     0     0 14750 42809  29   5  66   0   0   0
--procs-- -----------------------memory---------------------- ---swap-- -----io---- -system-- ----------cpu----------
   r    b         swpd         free         buff        cache   si   so    bi    bo   in   cs  us  sy  id  wa  st  gu
   3    0            0      7262824        22864       287068    0    0     0     0 13915 40588  28   6  66   0   0   0
   1    0            0      7261392        22872       287072    0    0     0    80 14293 42495  28   5  66   0   0   0
   2    0            0      7259076        22872       287072    0    0     0    12 13449 38197  29   5  66   0   0   0
   1    0            0      7257868        22872       287076    0    0     0     0 14531 43963  29   5  66   0   0   0
   2    0            0      7256324        22872       287076    0    0     0     0 13634 38991  28   5  66   0   0   0
   3    0            0      7257428        22872       287084    0    0     0     0 14702 46511  29   6  66   0   0   0
   0    0            0      7340036        22872       287092    0    0     0     0 8931 25441  19   4  78   0   0   0
   3    0            0      7286232        22872       287100    0    0     0     4 11714 36327  25   5  70   0   0   0
   1    0            0      7285544        22872       287104    0    0     0     0 14246 42670  29   5  65   0   0   0
   1    0            0      7278068        22872       287108    0    0     0     0 13435 36954  28   5  67   0   0   0
   1    0            0      7235896        22872       287120    0    0     0  2732 12284 32802  34   6  60   0   0   0
   2    0            0      7234808        22872       287116    0    0     0     0 13114 35600  28   5  67   0   0   0
   1    0            0      7235864        22872       287120    0    0     0     0 13366 37537  29   5  67   0   0   0
   1    0            0      7238272        22872       287124    0    0     0     0 13755 38226  28   5  67   0   0   0
   2    0            0      7241236        22872       287124    0    0     0     0 13627 39135  28   5  67   0   0   0
   1    0            0      7246256        22872       287128    0    0     0     0 13634 39016  29   4  67   0   0   0
   2    0            0      7248352        22872       287128    0    0     0     0 14140 41916  29   4  67   0   0   0
   3    0            0      7251040        22872       287132    0    0     0    24 13191 37314  28   5  67   0   0   0
   1    0            0      7306076        22872       287152    0    0     0     0 6607 20732  15   4  81   0   0   0
   1    0            0      7294236        22872       287160    0    0     0     0 14971 45937  29   6  65   0   0   0
   2    0            0      7274420        22872       287164    0    0     0     0 13526 37625  28   6  66   0   0   0
--procs-- -----------------------memory---------------------- ---swap-- -----io---- -system-- ----------cpu----------
   r    b         swpd         free         buff        cache   si   so    bi    bo   in   cs  us  sy  id  wa  st  gu
   1    0            0      7255544        22872       287168    0    0     0     0 13445 35969  29   5  67   0   0   0
   3    0            0      7254364        22872       287168    0    0     0     0 14674 43699  28   6  66   0   0   0
   1    0            0      7252744        22872       287172    0    0     0     0 13866 39176  29   5  66   0   0   0
   1    0            0      7251312        22872       287172    0    0     0     0 14262 40463  29   4  67   0   0   0
   3    0            0      7249436        22872       287176    0    0     0     0 13885 40036  29   5  66   0   0   0
   1    0            0      7247812        22872       287176    0    0     0     0 13649 37452  28   5  67   0   0   0
   1    0            0      7245376        22872       287184    0    0     0     0 14335 41845  29   6  66   0   0   0
   1    0            0      7244984        22872       287184    0    0     0   108 13110 37787  29   5  67   0   0   0
   0    0            0      7345116        22872       287228    0    0     0     0 10824 28686  24   5  71   0   0   0
   3    0            0      7299192        22880       287232    0    0     0     0 8916 27597  20   4  76   0   0   0
   3    0            0      7293864        22880       287240    0    0     0     0 14388 41518  29   6  65   0   0   0
   1    0            0      7284936        22892       287240    0    0     0   192 13123 34489  28   5  66   0   0   0
   3    0            0      7264324        22892       287244    0    0     0     0 14273 40565  28   5  67   0   0   0
   1    0            0      7262952        22892       287244    0    0     0     0 13265 35614  28   4  68   0   0   0
   1    0            0      7262056        22892       287248    0    0     0     0 13982 37754  28   4  68   0   0   0
   2    0            0      7260908        22892       287248    0    0     0     0 13618 36934  28   5  67   0   0   0
   1    0            0      7259284        22892       287252    0    0     0     0 12829 34463  28   5  67   0   0   0
   2    0            0      7257944        22892       287252    0    0     0    16 13287 36609  28   4  67   0   0   0
   1    0            0      7256736        22892       287256    0    0     0     0 13725 36948  28   5  67   0   0   0
   2    0            0      7256012        22892       287256    0    0     0     0 12780 34299  29   5  67   0   0   0
   0    0            0      7327600        22892       287276    0    0     0  2336 6210 16393  16   3  81   0   0   0
--procs-- -----------------------memory---------------------- ---swap-- -----io---- -system-- ----------cpu----------
   r    b         swpd         free         buff        cache   si   so    bi    bo   in   cs  us  sy  id  wa  st  gu
   3    0            0      7289000        22892       287276    0    0     0     0 13895 41847  27   6  67   0   0   0
   1    0            0      7286116        22896       287284    0    0     0     0 13495 41131  29   5  66   0   0   0
   1    0            0      7270268        22896       287284    0    0     0     0 13399 39565  28   5  66   0   0   0
   1    0            0      7265088        22896       287288    0    0     0     0 14309 40440  28   5  67   0   0   0
   3    0            0      7267328        22896       287288    0    0     0     0 13025 35212  28   5  67   0   0   0
   1    0            0      7268336        22896       287296    0    0     0     0 13662 37962  29   4  67   0   0   0
   3    0            0      7269852        22896       287296    0    0     0    24 12331 32206  28   5  68   0   0   0
   3    0            0      7270820        22896       287296    0    0     0     0 13367 37520  28   5  66   0   0   0
   3    0            0      7270668        22896       287304    0    0     0     0 12618 32712  28   5  68   0   0   0
   4    0            0      7270136        22896       287304    0    0     0     0 13452 38838  28   5  67   0   0   0
   2    0            0      7269124        22896       287308    0    0     0     0 13766 38338  29   4  67   0   0   0
   1    0            0      7303104        22896       287324    0    0     0     8 5972 17383  14   4  82   0   0   0
   1    0            0      7311648        22896       287332    0    0     0     0 12992 37904  28   5  67   0   0   0
   1    0            0      7284068        22896       287332    0    0     0     0 13956 39714  27   6  66   0   0   0
   1    0            0      7268864        22896       287332    0    0     0     0 12330 31212  28   5  68   0   0   0
   3    0            0      7263724        22896       287336    0    0     0     0 13160 34857  28   5  67   0   0   0
   1    0            0      7265964        22896       287336    0    0     0     0 12654 34575  28   5  67   0   0   0
   1    0            0      7267812        22896       287340    0    0     0     0 12909 35585  28   5  68   0   0   0
   1    0            0      7269500        22896       287340    0    0     0     0 10626 26114  27   5  68   0   0   0
   1    0            0      7269788        22896       287352    0    0     0     0 12625 31881  28   4  68   0   0   0
   1    0            0      7269156        22904       287352    0    0     0    48 12754 33730  28   5  67   0   0   0
--procs-- -----------------------memory---------------------- ---swap-- -----io---- -system-- ----------cpu----------
   r    b         swpd         free         buff        cache   si   so    bi    bo   in   cs  us  sy  id  wa  st  gu
   3    0            0      7269352        22904       287356    0    0     0   108 13697 40648  27   5  68   0   0   0
   0    0            0      7344560        22904       287368    0    0     0     0 9360 27411  19   4  77   0   0   0
   1    0            0      7297688        22904       287372    0    0     0     0 10463 31958  23   5  72   0   0   0
   2    0            0      7281200        22904       287380    0    0     0     0 13688 39853  28   6  67   0   0   0
   1    0            0      7271176        22904       287380    0    0     0     0 13593 41083  28   5  67   0   0   0
   1    0            0      7256168        22904       287384    0    0     0     0 12286 32309  27   5  68   0   0   0
   1    0            0      7258888        22904       287384    0    0     0     0 12629 34691  28   5  68   0   0   0
   1    0            0      7261352        22904       287388    0    0     0     0 13188 38200  28   5  68   0   0   0
   1    0            0      7263784        22904       287388    0    0     0     0 13243 35642  28   5  67   0   0   0
   1    0            0      7265736        22904       287392    0    0     0     0 13318 36649  27   5  68   0   0   0
   2    0            0      7266792        22904       287392    0    0     0     0 12158 32367  27   5  68   0   0   0
   1    0            0      7266540        22904       287400    0    0     0    16 13377 38968  28   5  67   0   0   0
   2    0            0      7266448        22904       287400    0    0     0     0 14010 40996  28   5  67   0   0   0
   2    0            0      7316376        22904       287424    0    0     0     0 5777 15672  14   3  83   0   0   0
   2    0            0      7286836        22904       287424    0    0     0     0 13554 39050  28   6  66   0   0   0
   3    0            0      7261888        22904       287432    0    0     0     0 14143 44239  28   6  66   0   0   0
   3    0            0      7254972        22904       287432    0    0     0     0 13593 38608  28   5  67   0   0   0
   1    0            0      7247960        22904       287432    0    0     0     0 11595 29509  27   5  68   0   0   0
   1    0            0      7250552        22904       287440    0    0     0     0 12219 31945  28   4  68   0   0   0
   1    0            0      7252888        22904       287444    0    0     0     0 12723 35513  28   5  67   0   0   0
   1    0            0      7255032        22904       287444    0    0     0     0 13075 35407  28   4  68   0   0   0
--procs-- -----------------------memory---------------------- ---swap-- -----io---- -system-- ----------cpu----------
   r    b         swpd         free         buff        cache   si   so    bi    bo   in   cs  us  sy  id  wa  st  gu
   1    0            0      7257176        22912       287448    0    0     0    28 12364 33783  27   5  68   0   0   0
   2    0            0      7257884        22912       287448    0    0     0     0 12370 32414  27   5  68   0   0   0
   3    0            0      7257728        22912       287452    0    0     0     0 13479 39399  28   5  67   0   0   0
   0    0            0      7342364        22912       287464    0    0     0     0 11948 31459  26   5  69   0   0   0
   1    0            0      7306944        22912       287484    0    0     0     0 7170 22841  16   4  80   0   0   0
   1    0            0      7287084        22916       287488    0    0     0     4 13531 39686  28   5  67   0   0   0
   1    0            0      7274148        22916       287492    0    0     0     0 13253 35868  28   5  67   0   0   0
   4    0            0      7260340        22916       287492    0    0     0     0 13915 39952  28   5  67   0   0   0
   1    0            0      7263652        22924       287496    0    0     0    76 13939 40047  28   5  67   0   0   0
   3    0            0      7266176        22924       287496    0    0     0     0 13000 36464  28   4  68   0   0   0
   1    0            0      7267976        22924       287500    0    0     0   152 12730 35269  28   5  67   0   0   0
   3    0            0      7269520        22924       287500    0    0     0     0 13512 39342  28   5  67   0   0   0
   1    0            0      7270788        22924       287504    0    0     0     0 11916 30353  28   5  68   0   0   0
   1    0            0      7270924        22924       287504    0    0     0     0 11867 29791  27   5  68   0   0   0
   2    0            0      7270640        22924       287508    0    0     0     0 12214 31091  28   5  67   0   0   0
   1    0            0      7338296        22924       287520    0    0     0    16 7431 20943  17   3  79   0   0   0
   1    0            0      7295852        22924       287524    0    0     0     0 13044 48338  26   6  68   0   0   0
   1    0            0      7288332        22924       287532    0    0     0     0 14576 47678  29   7  65   0   0   0
   1    0            0      7270572        22924       287552    0    0     0     4 12432 36357  33   7  59   0   0   0
   2    0            0      7260460        22924       287576    0    0     0     4 13022 35416  29   6  65   0   0   0
   1    0            0      7263504        22924       287576    0    0     0     0 13058 35262  28   5  67   0   0   0
--procs-- -----------------------memory---------------------- ---swap-- -----io---- -system-- ----------cpu----------
   r    b         swpd         free         buff        cache   si   so    bi    bo   in   cs  us  sy  id  wa  st  gu
   1    0            0      7264644        22924       287584    0    0     0     0 13617 37931  28   6  66   0   0   0
   1    0            0      7266952        22924       287584    0    0     0     0 13407 37610  28   5  67   0   0   0
   1    0            0      7268560        22924       287584    0    0     0     0 14411 43427  28   6  66   0   0   0
   1    0            0      7269020        22924       287588    0    0     0     0 14050 40748  28   5  66   0   0   0
   2    0            0      7268356        22924       287588    0    0     0    16 12808 33954  27   5  68   0   0   0
   2    0            0      7267412        22924       287596    0    0     0     0 13986 41295  28   5  67   0   0   0
   1    0            0      7298716        22924       287640    0    0     0     0 5500 13924  15   3  82   0   0   0
   1    0            0      7285484        22924       287644    0    0     0     0 13028 35846  29   5  66   0   0   0
   1    0            0      7271224        22924       287656    0    0     0     0 12828 35860  28   5  67   0   0   0
   3    0            0      7258484        22924       287656    0    0     0     0 12867 35169  27   5  67   0   0   0
   1    0            0      7260996        22924       287656    0    0     0     0 13213 35189  28   5  67   0   0   0
   1    0            0      7263368        22924       287660    0    0     0     0 14233 40363  27   6  67   0   0   0
   1    0            0      7264788        22924       287660    0    0     0     0 13157 34313  28   5  67   0   0   0
   1    0            0      7266836        22924       287668    0    0     0     0 13203 37609  28   4  68   0   0   0
   1    0            0      7267628        22944       287668    0    0     0  3544 12600 33310  28   5  67   0   0   0
   1    0            0      7267276        22944       287668    0    0     0    28 12773 34328  28   5  68   0   0   0
   1    0            0      7267500        22944       287672    0    0     0     0 13217 37230  28   5  67   0   0   0
   0    0            0      7339472        22944       287684    0    0     0     0 10143 26556  22   4  74   0   0   0
   1    0            0      7295356        22944       287688    0    0     0     0 9273 30110  20   5  75   0   0   0
   1    0            0      7296140        22944       287700    0    0     0     0 14662 49236  28   7  65   0   0   0
   1    0            0      7282280        22944       287700    0    0     0    88 14144 45095  28   6  66   0   0   0
--procs-- -----------------------memory---------------------- ---swap-- -----io---- -system-- ----------cpu----------
   r    b         swpd         free         buff        cache   si   so    bi    bo   in   cs  us  sy  id  wa  st  gu
   1    0            0      7264848        22944       287704    0    0     0     0 14135 43657  28   5  66   0   0   0
   1    0            0      7267636        22944       287704    0    0     0     0 13007 35104  28   5  67   0   0   0
   1    0            0      7269152        22944       287708    0    0     0     0 13908 41543  28   5  67   0   0   0
   3    0            0      7270004        22944       287708    0    0     0     0 13582 38441  28   6  66   0   0   0
   1    0            0      7271544        22944       287716    0    0     0    12 13041 37554  28   5  67   0   0   0
   1    0            0      7271960        22944       287716    0    0     0     0 13295 37600  29   5  66   0   0   0
   2    0            0      7270976        22944       287716    0    0     0     0 14059 42248  28   5  67   0   0   0
   1    0            0      7269152        22944       287720    0    0     0     0 12664 34252  28   6  67   0   0   0
   0    0            0      7324876        22944       287744    0    0     0     0 6324 20271  15   3  82   0   0   0
   1    0            0      7294552        22944       287744    0    0     0     4 13692 38737  28   5  67   0   0   0
   1    0            0      7287676        22948       287752    0    0     0     8 13424 37692  28   5  67   0   0   0
   1    0            0      7278464        22948       287752    0    0     0     0 12045 30905  28   4  68   0   0   0
   1    0            0      7276432        22948       287756    0    0     0     0 12491 31655  28   4  68   0   0   0
   1    0            0      7279124        22948       287756    0    0     0     0 13306 36434  27   5  67   0   0   0
   1    0            0      7281240        22948       287760    0    0     0     0 12258 31918  28   5  68   0   0   0
   1    0            0      7283104        22948       287760    0    0     0     0 13096 36632  28   4  68   0   0   0
   3    0            0      7271132        22948       287768    0    0     0     0 13399 36020  28   4  68   0   0   0
   2    0            0      7271548        22948       287768    0    0     0     0 13288 38573  28   5  67   0   0   0
   1    0            0      7270852        22948       287768    0    0     0     0 12858 34893  28   4  68   0   0   0
   1    0            0      7269964        22948       287776    0    0     0    16 13575 38985  28   4  68   0   0   0
   1    0            0      7319900        22948       287788    0    0     0     0 2571 4572  14   2  84   0   0   0
--procs-- -----------------------memory---------------------- ---swap-- -----io---- -system-- ----------cpu----------
   r    b         swpd         free         buff        cache   si   so    bi    bo   in   cs  us  sy  id  wa  st  gu
   1    0            0      7315532        22948       287796    0    0     0     0 4924 9741  25   2  73   0   0   0
   1    0            0      7311172        22948       287796    0    0     0     0 4897 9755  25   2  73   0   0   0
   1    0            0      7305820        22956       287804    0    0     0    64 4882 9775  26   2  73   0   0   0
   1    0            0      7300952        22956       287804    0    0     0    84 4989 10014  25   2  73   0   0   0
   3    0            0      7295144        22956       287804    0    0     0     0 5007 9975  25   2  73   0   0   0
   1    0            0      7292224        22956       287808    0    0     0     0 4955 9932  25   2  73   0   0   0
   1    0            0      7290536        22956       287808    0    0     0     0 4960 10030  25   2  73   0   0   0
   1    0            0      7289516        22956       287812    0    0     0     0 4807 9966  25   2  73   0   0   0
   1    0            0      7287340        22956       287812    0    0     0   108 4907 10237  25   2  73   0   0   0
   1    0            0      7285832        22956       287816    0    0     0     0 4827 10217  25   2  73   0   0   0
   1    0            0      7333960        22956       287828    0    0     0     0 3454 6940  16   2  82   0   0   0
   1    0            0      7322556        22956       287832    0    0     0     0 4146 7756  23   2  75   0   0   0
   1    0            0      7312572        22956       287840    0    0     0     0 5051 10078  25   3  73   0   0   0
   1    0            0      7310360        22956       287840    0    0     0     0 4952 10016  25   2  73   0   0   0
   1    0            0      7307584        22956       287844    0    0     0     8 5103 10294  25   1  73   0   0   0
   1    0            0      7304676        22956       287844    0    0     0     0 5065 10290  25   2  73   0   0   0
   1    0            0      7302160        22956       287848    0    0     0     0 5130 10333  25   2  73   0   0   0
   1    0            0      7299440        22956       287848    0    0     0     0 5138 10382  25   2  73   0   0   0
   1    0            0      7297480        22956       287852    0    0     0     0 5079 10109  25   2  73   0   0   0
   1    0            0      7294900        22956       287852    0    0     0    16 5093 10174  25   2  73   0   0   0
   1    0            0      7292268        22956       287856    0    0     0     0 5202 10230  25   3  73   0   0   0
--procs-- -----------------------memory---------------------- ---swap-- -----io---- -system-- ----------cpu----------
   r    b         swpd         free         buff        cache   si   so    bi    bo   in   cs  us  sy  id  wa  st  gu
   1    0            0      7289536        22956       287856    0    0     0     0 5084 10019  25   2  73   0   0   0
   1    0            0      7327440        22956       287880    0    0     0     0 2619 4617  14   2  84   0   0   0
   1    0            0      7327528        22956       287884    0    0     0     0 5094 10173  25   2  73   0   0   0
   1    0            0      7317668        22956       287884    0    0     0     0 5034 10302  25   2  73   0   0   0
   1    0            0      7310280        22956       287888    0    0     0     0 5038 10157  25   2  73   0   0   0
   3    0            0      7307312        22956       287888    0    0     0     0 5159 10336  25   2  73   0   0   0
   1    0            0      7305000        22956       287896    0    0     0     0 5161 10319  25   2  73   0   0   0
   2    0            0      7302548        22956       287900    0    0     0     0 5228 10314  25   2  73   0   0   0
   1    0            0      7299336        22956       287904    0    0     0     8 5261 10247  25   2  73   0   0   0
   1    0            0      7296392        22956       287904    0    0     0     0 5260 10482  25   2  73   0   0   0
   1    0            0      7294336        22956       287904    0    0     0     0 5189 10453  25   2  73   0   0   0
   1    0            0      7291604        22956       287908    0    0     0     0 5091 10550  26   2  73   0   0   0
   0    0            0      7332492        22964       287912    0    0     0    60 4477 9073  21   2  77   0   0   0
   1    0            0      7308456        22964       287936    0    0     0     8 3267 6044  18   2  80   0   0   0
   1    0            0      7315256        22968       287940    0    0     0     0 5067 10167  25   2  73   0   0   0
   2    0            0      7273400        22976       287956    0    0     0    52 5298 10324  30   3  67   0   0   0
   1    0            0      7272232        22988       287944    0    0     0    80 5243 10545  27   3  70   0   0   0
   1    0            0      7274304        22988       287952    0    0     0     0 5078 10334  25   2  73   0   0   0
   1    0            0      7276364        22988       287952    0    0     0     0 5212 10405  25   3  72   0   0   0
   1    0            0      7277892        22988       287956    0    0     0     0 5128 10411  25   2  73   0   0   0
   1    0            0      7279584        22988       287956    0    0     0     0 5146 10604  25   2  73   0   0   0
--procs-- -----------------------memory---------------------- ---swap-- -----io---- -system-- ----------cpu----------
   r    b         swpd         free         buff        cache   si   so    bi    bo   in   cs  us  sy  id  wa  st  gu
   1    0            0      7278928        22988       287960    0    0     0     0 4952 10303  25   2  73   0   0   0
   1    0            0      7277972        22988       287960    0    0     0     0 4981 10201  25   2  73   0   0   0
   1    0            0      7277408        22988       287964    0    0     0   120 5076 10227  25   2  73   0   0   0
   1    0            0      7318968        22988       287976    0    0     0     0 2682 4884  14   2  84   0   0   0
   1    0            0      7317032        22988       287992    0    0     0     0 5065 10296  25   3  73   0   0   0
   1    0            0      7308096        22988       287996    0    0     0     0 5031 9859  25   2  73   0   0   0
   1    0            0      7302372        22988       287996    0    0     0     0 5235 10437  25   2  73   0   0   0
   1    0            0      7299232        22988       288000    0    0     0     8 5093 10214  25   2  73   0   0   0
   1    0            0      7296892        22988       288000    0    0     0     0 5080 10297  25   2  73   0   0   0
   1    0            0      7295748        22988       288004    0    0     0     0 5080 10130  25   2  73   0   0   0
   1    0            0      7293600        22988       288004    0    0     0     0 5117 10381  25   2  73   0   0   0
   1    0            0      7291276        22988       288008    0    0     0     0 5150 10420  25   2  73   0   0   0
   1    0            0      7289236        22988       288008    0    0     0     0 5226 10601  25   2  73   0   0   0
   1    0            0      7287260        22988       288012    0    0     0    16 5136 10532  25   2  73   0   0   0
   1    0            0      7284100        22988       288012    0    0     0     0 5135 10490  25   2  72   0   0   0
   1    0            0      7321820        22988       288032    0    0     0     0 2590 4560  14   1  85   0   0   0
   2    0            0      7310480        22988       288036    0    0     0     0 5023 9968  25   3  72   0   0   0
   1    0            0      7308348        22988       288040    0    0     0     0 4967 9673  25   2  73   0   0   0
   1    0            0      7305620        22988       288040    0    0     0     0 5037 9879  25   2  73   0   0   0
   1    0            0      7303744        22988       288048    0    0     0     0 5016 10100  25   3  73   0   0   0
   1    0            0      7300876        22988       288048    0    0     0     0 5110 9981  25   2  73   0   0   0
--procs-- -----------------------memory---------------------- ---swap-- -----io---- -system-- ----------cpu----------
   r    b         swpd         free         buff        cache   si   so    bi    bo   in   cs  us  sy  id  wa  st  gu
   1    0            0      7298128        22988       288048    0    0     0    20 5091 9902  25   3  73   0   0   0
   1    0            0      7295528        22988       288056    0    0     0     0 5121 10087  25   2  73   0   0   0
   1    0            0      7292896        22988       288056    0    0     0    12 5086 10032  25   2  73   0   0   0
   1    0            0      7289796        22988       288056    0    0     0     0 5097 10103  26   2  73   0   0   0
   1    0            0      7287452        22996       288060    0    0     0  3576 5263 10387  25   2  73   0   0   0
   1    0            0      7328452        22996       288068    0    0     0     0 3349 6289  16   2  82   0   0   0
   1    0            0      7318084        22996       288076    0    0     0     0 4251 8032  24   2  74   0   0   0
   1    0            0      7313920        22996       288112    0    0     0     4 5031 9909  25   2  73   0   0   0
   1    0            0      7306856        22996       288120    0    0     0     0 4984 9877  25   2  73   0   0   0
   1    0            0      7303984        22996       288120    0    0     0     0 5086 10237  26   1  73   0   0   0
   1    0            0      7301964        22996       288120    0    0     0     0 5120 10287  25   2  73   0   0   0
   1    0            0      7299388        22996       288124    0    0     0     0 5115 10145  25   2  73   0   0   0
   2    0            0      7297224        22996       288124    0    0     0    88 4994 10008  25   2  73   0   0   0
   1    0            0      7293156        22996       288128    0    0     0     0 5009 9879  25   2  73   0   0   0
   1    0            0      7291248        22996       288128    0    0     0     0 4954 10010  25   2  73   0   0   0
   1    0            0      7289024        22996       288132    0    0     0     0 4968 10070  25   2  73   0   0   0
   1    0            0      7286004        22996       288132    0    0     0     0 5051 9990  25   2  73   0   0   0
   1    0            0      7323624        22996       288152    0    0     0    16 2645 4562  14   2  84   0   0   0
   1    0            0      7313900        23000       288148    0    0     0     0 5056 10312  25   2  73   0   0   0
   1    0            0      7308556        23000       288164    0    0     0     0 5046 10223  25   2  73   0   0   0
   1    0            0      7305672        23000       288164    0    0     0     0 5032 10202  25   2  73   0   0   0
--procs-- -----------------------memory---------------------- ---swap-- -----io---- -system-- ----------cpu----------
   r    b         swpd         free         buff        cache   si   so    bi    bo   in   cs  us  sy  id  wa  st  gu
   1    0            0      7303472        23000       288164    0    0     0     0 4984 10066  25   2  73   0   0   0
   3    0            0      7300628        23000       288168    0    0     0     0 5093 10441  25   2  73   0   0   0
   1    0            0      7298036        23000       288168    0    0     0     0 5093 10322  25   2  73   0   0   0
   1    0            0      7294844        23000       288172    0    0     0     0 5129 10223  25   2  73   0   0   0
   1    0            0      7293060        23000       288172    0    0     0     0 5298 10260  25   2  73   0   0   0
   1    0            0      7290548        23000       288176    0    0     0     0 5316 10435  25   2  73   0   0   0
   2    0            0      7287440        23000       288176    0    0     0    16 5223 10155  25   2  73   0   0   0
   0    0            0      7330136        23000       288204    0    0     0     0 4249 8118  20   2  79   0   0   0
   1    0            0      7321828        23000       288208    0    0     0     0 3531 6383  20   2  78   0   0   0
   1    0            0      7310568        23000       288228    0    0     0     0 5172 10297  25   2  73   0   0   0
   1    0            0      7307340        23000       288228    0    0     0     0 4991 10200  26   2  73   0   0   0
   1    0            0      7305216        23000       288232    0    0     0     0 5068 10256  25   2  73   0   0   0
   1    0            0      7302220        23000       288232    0    0     0     0 4942 10234  25   2  73   0   0   0
   1    0            0      7299308        23008       288236    0    0     0    60 5014 10219  25   2  73   0   0   0
   1    0            0      7296976        23008       288236    0    0     0    80 4994 10290  25   3  73   0   0   0
   1    0            0      7295088        23008       288240    0    0     0     0 4903 10077  25   2  73   0   0   0
   1    0            0      7291952        23008       288240    0    0     0     0 4958 10215  25   2  73   0   0   0
   1    0            0      7289344        23008       288244    0    0     0    16 4958 10121  25   2  73   0   0   0
   1    0            0      7287096        23008       288244    0    0     0     0 5009 10332  25   2  73   0   0   0
   1    0            0      7326248        23012       288264    0    0     0     0 2582 4604  14   2  84   0   0   0
   1    0            0      7324480        23012       288264    0    0     0     0 2065 2353  25   1  74   0   0   0
--procs-- -----------------------memory---------------------- ---swap-- -----io---- -system-- ----------cpu----------
   r    b         swpd         free         buff        cache   si   so    bi    bo   in   cs  us  sy  id  wa  st  gu
   1    0            0      7321720        23012       288272    0    0     0     0 2155 2441  25   1  74   0   0   0
   1    0            0      7321332        23012       288272    0    0     0    76 2048 2367  25   1  74   0   0   0
   1    0            0      7320744        23012       288276    0    0     0     0 2167 2449  26   0  74   0   0   0
   1    0            0      7318792        23012       288276    0    0     0     0 2153 2483  25   1  74   0   0   0
   1    0            0      7319908        23012       288280    0    0     0     0 2218 2572  25   1  74   0   0   0
   1    0            0      7319040        23012       288280    0    0     0     0 2190 2563  25   0  74   0   0   0
   1    0            0      7314488        23012       288284    0    0     0    36 2231 2652  25   1  74   0   0   0
   1    0            0      7311344        23012       288284    0    0     0     0 2162 2515  25   1  74   0   0   0
   1    0            0      7312756        23012       288288    0    0     0     0 2173 2606  25   1  74   0   0   0
   1    0            0      7312124        23012       288288    0    0     0     0 2202 2578  25   1  74   0   0   0
   1    0            0      7312764        23012       288308    0    0     0     0 1408 1369  14   1  84   0   0   0
   1    0            0      7315528        23012       288344    0    0     0     4 2196 2580  25   1  74   0   0   0
   1    0            0      7315204        23012       288344    0    0     0     0 2000 2324  26   0  74   0   0   0
   1    0            0      7316412        23012       288348    0    0     0     0 2056 2440  25   0  75   0   0   0
   1    0            0      7317324        23012       288348    0    0     0     0 2114 2463  25   1  74   0   0   0
   1    0            0      7318452        23012       288356    0    0     0     0 2170 2566  25   0  75   0   0   0
   1    0            0      7318612        23012       288356    0    0     0     0 2211 2630  25   0  74   0   0   0
   1    0            0      7318612        23012       288364    0    0     0     0 2244 2675  25   1  74   0   0   0
   1    0            0      7317632        23012       288364    0    0     0     0 2246 2680  25   1  74   0   0   0
   1    0            0      7315740        23012       288372    0    0     0     0 2179 2580  25   0  75   0   0   0
   1    0            0      7315556        23012       288372    0    0     0     0 2233 2683  25   1  74   0   0   0
--procs-- -----------------------memory---------------------- ---swap-- -----io---- -system-- ----------cpu----------
   r    b         swpd         free         buff        cache   si   so    bi    bo   in   cs  us  sy  id  wa  st  gu
   0    0            0      7346692        23012       288372    0    0     0    16 1790 2163  18   1  82   0   0   0
   1    0            0      7324404        23020       288380    0    0     0    76 1855 1795  22   1  77   0   0   0
   1    0            0      7326432        23024       288392    0    0     0     0 2209 2586  25   1  74   0   0   0
   1    0            0      7325848        23024       288396    0    0     0     0 2073 2431  25   1  74   0   0   0
   1    0            0      7324840        23024       288396    0    0     0     0 2135 2553  25   0  74   0   0   0
   1    0            0      7322824        23024       288404    0    0     0     0 2189 2618  25   1  74   0   0   0
   1    0            0      7322824        23024       288404    0    0     0     0 2207 2574  26   1  74   0   0   0
   1    0            0      7322824        23024       288404    0    0     0     0 2178 2561  25   1  74   0   0   0
   1    0            0      7318792        23024       288408    0    0     0     0 2169 2571  25   1  74   0   0   0
   1    0            0      7318196        23024       288408    0    0     0     0 2179 2631  25   1  74   0   0   0
   1    0            0      7314600        23028       288420    0    0     0    92 2386 2806  26   2  73   0   0   0
   1    0            0      7287016        23032       288424    0    0     0     8 2917 3627  31   2  67   0   0   0
   1    0            0      7303256        23032       288436    0    0     0     0 1504 1485  15   1  84   0   0   0
   3    0            0      7308748        23032       288440    0    0     0     0 2077 2435  25   0  74   0   0   0
   1    0            0      7308012        23032       288448    0    0     0     0 2173 2430  25   1  74   0   0   0
   1    0            0      7310424        23032       288448    0    0     0     0 2064 2418  25   0  75   0   0   0
   1    0            0      7310676        23032       288452    0    0     0     8 2179 2492  26   0  74   0   0   0
   1    0            0      7311784        23032       288456    0    0     0     0 2163 2474  25   1  74   0   0   0
   1    0            0      7311784        23032       288456    0    0     0     0 2187 2536  25   0  74   0   0   0
   1    0            0      7314644        23032       288456    0    0     0     0 2176 2589  25   1  74   0   0   0
   3    0            0      7310360        23032       288460    0    0     0     0 2197 2567  25   1  74   0   0   0
--procs-- -----------------------memory---------------------- ---swap-- -----io---- -system-- ----------cpu----------
   r    b         swpd         free         buff        cache   si   so    bi    bo   in   cs  us  sy  id  wa  st  gu
   1    0            0      7312252        23032       288464    0    0     0    24 2245 2655  25   1  74   0   0   0
   1    0            0      7308256        23032       288464    0    0     0     0 2219 2656  26   0  74   0   0   0
   1    0            0      7309856        23032       288468    0    0     0     0 2183 2593  25   1  74   0   0   0
   3    0            0      7317468        23032       288488    0    0     0     0 1361 1302  15   1  84   0   0   0
   1    0            0      7322116        23032       288496    0    0     0     0 2156 2531  25   1  74   0   0   0
   1    0            0      7321360        23032       288496    0    0     0     0 2066 2406  25   0  75   0   0   0
   1    0            0      7320352        23032       288496    0    0     0     0 2082 2408  25   1  74   0   0   0
   1    0            0      7320352        23032       288508    0    0     0     0 2108 2399  25   0  74   0   0   0
   1    0            0      7318876        23032       288508    0    0     0     0 2174 2519  25   1  74   0   0   0
   1    0            0      7318876        23032       288508    0    0     0     0 2094 2423  25   0  74   0   0   0
   1    0            0      7318624        23044       288520    0    0     0   112 2204 2530  25   1  74   0   0   0
   1    0            0      7314900        23044       288520    0    0     0   104 2130 2379  25   1  74   0   0   0
   1    0            0      7316064        23044       288528    0    0     0     0 2104 2377  25   1  74   0   0   0
   1    0            0      7316064        23044       288528    0    0     0     0 2107 2429  25   1  74   0   0   0
   0    0            0      7358276        23044       288528    0    0     0     0 1763 1966  19   1  81   0   0   0
   1    0            0      7332684        23044       288544    0    0     0     4 1788 1798  21   1  78   0   0   0
   1    0            0      7331516        23044       288548    0    0     0     0 2235 2588  25   1  74   0   0   0
   1    0            0      7330932        23044       288556    0    0     0     0 2061 2410  26   0  74   0   0   0
   1    0            0      7329924        23044       288556    0    0     0     0 2126 2453  25   1  74   0   0   0
   1    0            0      7327908        23044       288556    0    0     0     0 2162 2465  25   1  74   0   0   0
   1    0            0      7327908        23044       288560    0    0     0  4144 2154 2475  25   1  74   0   0   0
--procs-- -----------------------memory---------------------- ---swap-- -----io---- -system-- ----------cpu----------
   r    b         swpd         free         buff        cache   si   so    bi    bo   in   cs  us  sy  id  wa  st  gu
   1    0            0      7327312        23044       288560    0    0     0     0 2124 2392  25   1  74   0   0   0
   1    0            0      7326144        23044       288564    0    0     0     0 2147 2506  25   1  74   0   0   0
   1    0            0      7322112        23044       288564    0    0     0     0 2141 2414  25   1  74   0   0   0
   1    0            0      7320096        23044       288572    0    0     0     0 2146 2483  25   1  74   0   0   0
   1    0            0      7320096        23044       288572    0    0     0    16 2181 2521  25   0  75   0   0   0
   1    0            0      7326180        23044       288588    0    0     0     0 1360 1322  14   2  85   0   0   0
   2    0            0      7316972        23044       288588    0    0     0     0 2302 1230  44   5  52   0   0   0
   2    0            0      7315852        23044       288592    0    0     0     0 2273 1197  44   5  51   0   0   0
   2    0            0      7314956        23044       288592    0    0     0     0 2214 1227  45   4  51   0   0   0
   2    0            0      7313836        23044       288596    0    0     0     8 2186 1171  45   5  50   0   0   0
   2    0            0      7312940        23044       288596    0    0     0     0 2179 1179  44   5  51   0   0   0
   2    0            0      7312044        23044       288600    0    0     0     0 2186 1086  45   5  51   0   0   0
   2    0            0      7310924        23044       288600    0    0     0     0 2139 1079  44   6  50   0   0   0
   2    0            0      7309524        23044       288604    0    0     0     0 2180 1161  45   5  51   0   0   0
   2    0            0      7308376        23044       288604    0    0     0     0 2191 1203  46   4  50   0   0   0
   2    0            0      7307712        23044       288608    0    0     0    32 2291 1197  45   5  51   0   0   0
   2    0            0      7307620        23044       288608    0    0     0     0 2175 1207  45   5  50   0   0   0
   2    0            0      7305760        23048       288624    0    0     0     0 1333  708  19   3  78   0   0   0
   2    0            0      7304416        23048       288624    0    0     0     0 2550 1732  44   5  51   0   0   0
   2    0            0      7303072        23056       288624    0    0     0    84 2297 1521  45   4  51   0   0   0
   2    0            0      7301952        23056       288632    0    0     0     0 2244 1426  44   5  51   0   0   0
--procs-- -----------------------memory---------------------- ---swap-- -----io---- -system-- ----------cpu----------
   r    b         swpd         free         buff        cache   si   so    bi    bo   in   cs  us  sy  id  wa  st  gu
   2    0            0      7300832        23056       288636    0    0     0     0 2360 1468  44   5  51   0   0   0
   2    0            0      7299712        23056       288636    0    0     0     0 2356 1515  44   5  51   0   0   0
   2    0            0      7298592        23056       288648    0    0     0     0 2400 1509  44   5  51   0   0   0
   2    0            0      7297472        23056       288648    0    0     0     0 2315 1461  44   5  51   0   0   0
   2    0            0      7298740        23056       288648    0    0     0    12 2280 1443  44   5  51   0   0   0
   2    0            0      7298816        23056       288648    0    0     0     0 2180 1368  44   5  51   0   0   0
   2    0            0      7298880        23056       288656    0    0     0     0 2193 1369  44   5  51   0   0   0
   0    0            0      7339780        23056       288660    0    0     0     0 1982 1141  36   4  60   0   0   0
   2    0            0      7313656        23056       288680    0    0     0     0 1814 1350  27   3  70   0   0   0
   2    0            0      7312312        23056       288680    0    0     0    76 2798 2464  43   5  52   0   0   0
   1    0            0      7310968        23056       288684    0    0     0     0 2699 2411  44   5  52   0   0   0
   2    0            0      7309624        23056       288684    0    0     0     0 2708 2416  44   4  52   0   0   0
   2    0            0      7308280        23056       288684    0    0     0     0 2747 2329  44   5  52   0   0   0
   2    0            0      7306936        23056       288688    0    0     0     0 2777 2351  44   4  52   0   0   0
   2    0            0      7305592        23056       288688    0    0     0     8 2753 2409  43   5  52   0   0   0
   2    0            0      7306680        23056       288692    0    0     0     0 2780 2364  44   4  52   0   0   0
   2    0            0      7307288        23056       288692    0    0     0     0 2697 2417  43   5  52   0   0   0
   2    0            0      7307224        23056       288696    0    0     0     0 2876 2429  44   4  52   0   0   0
   2    0            0      7306908        23056       288696    0    0     0     0 2740 2436  43   5  52   0   0   0
   1    0            0      7317864        23056       288708    0    0     0    12 1606 1318  25   3  71   0   0   0
   2    0            0      7311428        23056       288712    0    0     0     0 2092 1322  38   4  58   0   0   0
--procs-- -----------------------memory---------------------- ---swap-- -----io---- -system-- ----------cpu----------
   r    b         swpd         free         buff        cache   si   so    bi    bo   in   cs  us  sy  id  wa  st  gu
   2    0            0      7310308        23056       288720    0    0     0     0 2283 1391  45   5  51   0   0   0
   2    0            0      7309188        23056       288720    0    0     0     0 2220 1365  45   5  51   0   0   0
   1    0            0      7308068        23056       288720    0    0     0     0 2185 1349  45   5  51   0   0   0
   2    0            0      7306948        23056       288724    0    0     0     0 2305 1372  45   5  51   0   0   0
   2    0            0      7306052        23056       288724    0    0     0     0 2240 1342  44   5  51   0   0   0
   2    0            0      7304932        23056       288728    0    0     0     0 2236 1315  44   5  51   0   0   0
   2    0            0      7304396        23056       288728    0    0     0     0 2209 1327  44   5  51   0   0   0
   2    0            0      7304832        23056       288732    0    0     0     0 2221 1325  45   4  51   0   0   0
   2    0            0      7304736        23064       288736    0    0     0   156 2198 1341  45   5  51   0   0   0
   2    0            0      7304864        23064       288740    0    0     0     0 2208 1341  44   5  51   0   0   0
   2    0            0      7305100        23064       288756    0    0     0     0 1242  645  19   3  78   0   0   0
   2    0            0      7303756        23064       288756    0    0     0     0 2652 2259  44   5  52   0   0   0
   2    0            0      7302412        23064       288756    0    0     0     0 2590 2224  44   5  51   0   0   0
   2    0            0      7301068        23064       288764    0    0     0     0 2605 2405  44   5  52   0   0   0
   2    0            0      7299724        23064       288764    0    0     0     0 2529 2244  44   4  51   0   0   0
   2    0            0      7298380        23064       288764    0    0     0     0 2607 2138  44   4  52   0   0   0
   2    0            0      7297036        23064       288768    0    0     0     0 2424 2243  45   4  52   0   0   0
   2    0            0      7295692        23064       288768    0    0     0     0 2602 2261  44   5  52   0   0   0
   2    0            0      7297184        23064       288772    0    0     0     0 2802 2355  44   4  52   0   0   0
   1    0            0      7297376        23064       288772    0    0     0    80 2756 2360  44   5  52   0   0   0
   2    0            0      7297600        23064       288776    0    0     0     0 2788 2313  44   5  52   0   0   0
--procs-- -----------------------memory---------------------- ---swap-- -----io---- -system-- ----------cpu----------
   r    b         swpd         free         buff        cache   si   so    bi    bo   in   cs  us  sy  id  wa  st  gu
   1    0            0      7278728        23064       288776    0    0     0     0 2617 2281  42   5  53   0   0   0
   2    0            0      7299984        23064       288796    0    0     0     0 1353  738  20   3  77   0   0   0
   2    0            0      7298640        23064       288796    0    0     0     0 2359 1509  44   5  51   0   0   0
   2    0            0      7297328        23064       288796    0    0     0     0 2221 1391  44   5  51   0   0   0
   1    0            0      7298480        23064       288800    0    0     0     0 2330 1387  44   5  51   0   0   0
   2    0            0      7299852        23064       288800    0    0     0     0 2343 1456  44   5  51   0   0   0
   2    0            0      7298732        23064       288804    0    0     0     0 2310 1361  45   5  51   0   0   0
   2    0            0      7299988        23064       288804    0    0     0     0 2217 1323  44   5  51   0   0   0
   2    0            0      7304316        23064       288808    0    0     0    20 2280 1402  45   5  51   0   0   0
   2    0            0      7304656        23064       288808    0    0     0     0 2236 1445  45   4  51   0   0   0
   2    0            0      7304212        23064       288812    0    0     0     0 2199 1380  45   5  51   0   0   0
   2    0            0      7303644        23064       288812    0    0     0     0 2203 1403  45   5  51   0   0   0
   0    0            0      7327868        23064       288828    0    0     0     0 1714  940  32   4  65   0   0   0
