--procs-- -----------------------memory---------------------- ---swap-- -----io---- -system-- ----------cpu----------
   r    b         swpd         free         buff        cache   si   so    bi    bo   in   cs  us  sy  id  wa  st  gu
   2    0            0      7293320        23208       290788    0    0   863   136 1481    8   6   1  92   0   0   0
   1    0            0      7237564        23208       290872    0    0     0     0 11258 30580  26   6  69   0   0   0
   1    0            0      7245124        23208       290876    0    0     0     0 15249 50547  29   6  65   0   0   0
   1    0            0      7237312        23208       290880    0    0     0     0 12192 32084  28   5  67   0   0   0
   2    0            0      7233492        23208       290880    0    0     0    40 12490 33062  28   5  66   0   0   0
   1    0            0      7233924        23244       291268    0    0   372   104 13875 39644  30   6  64   0   0   0
   1    0            0      7235352        23244       291272    0    0     0     0 14789 43257  28   5  66   0   0   0
   1    0            0      7236968        23244       291272    0    0     0     0 13260 38154  28   6  66   0   0   0
   1    0            0      7236212        23244       291276    0    0     0     0 14084 40208  28   5  66   0   0   0
   1    0            0      7239704        23320       291876    0    0   624    28 14318 42351  29   6  64   1   0   0
   3    0            0      7240076        23336       291960    0    0    76   172 14385 42840  28   6  66   0   0   0
   4    0            0      7240092        23336       291964    0    0     0     0 14774 44446  28   6  66   0   0   0
   1    0            0      7298204        23336       291988    0    0     0     0 5590 14593  15   3  81   0   0   0
   1    0            0      7277432        23336       291992    0    0     0     0 10381 22896  27   5  68   0   0   0
   1    0            0      7262312        23336       291996    0    0     0    20 13198 35118  28   6  66   0   0   0
   1    0            0      7248512        23336       291996    0    0     0     0 14522 42112  28   6  66   0   0   0
   1    0            0      7214444        23336       292048    0    0     0     4 12220 36060  32   7  60   0   0   0
   1    0            0      7213436        23352       292140    0    0    56    84 10288 25451  28   6  66   0   0   0
   1    0            0      7213180        23352       292144    0    0     0     0 13416 38019  28   5  67   0   0   0
   2    0            0      7215816        23352       292148    0    0     0    24 14536 43186  29   5  67   0   0   0
   3    0            0      7219680        23352       292152    0    0     0     0 14244 42236  29   5  67   0   0   0
--procs-- -----------------------memory---------------------- ---swap-- -----io---- -system-- ----------cpu----------
   r    b         swpd         free         buff        cache   si   so    bi    bo   in   cs  us  sy  id  wa  st  gu
   3    0            0      7222832        23352       292152    0    0     0   116 14559 43673  29   5  67   0   0   0
   3    0            0      7225640        23352       292156    0    0     0     0 14576 47142  29   5  66   0   0   0
   1    0            0      7314692        23352       292164    0    0     0     0 11177 31377  24   5  72   0   0   0
   2    0            0      7276224        23356       292180    0    0     0    16 7150 16354  20   4  76   0   0   0
   3    0            0      7271168        23356       292184    0    0     0     0 10752 23984  28   6  67   0   0   0
   2    0            0      7263380        23356       292188    0    0     0     0 12619 34283  28   6  67   0   0   0
   2    0            0      7244820        23356       292192    0    0     0     0 13255 36200  28   5  67   0   0   0
   4    0            0      7244340        23356       292192    0    0     0     0 13754 37658  28   5  67   0   0   0
   2    0            0      7243924        23356       292196    0    0     0    16 13632 38520  28   5  67   0   0   0
   2    0            0      7242720        23356       292196    0    0     0     0 13956 39910  28   5  67   0   0   0
   2    0            0      7240760        23356       292204    0    0     0     0 13250 37733  28   5  67   0   0   0
   4    0            0      7240060        23356       292204    0    0     0     0 12156 31108  27   6  67   0   0   0
   2    0            0      7238128        23356       292208    0    0     0     0 13214 36123  28   5  67   0   0   0
   2    0            0      7237368        23356       292208    0    0     0   184 13263 36221  28   5  67   0   0   0
   2    0            0      7307616        23356       292224    0    0     0     0 5888 15188  15   3  82   0   0   0
   2    0            0      7263584        23356       292228    0    0     0  4264 10745 24727  27   6  67   0   0   0
   2    0            0      7261568        23356       292240    0    0     0     0 12467 31394  28   6  66   0   0   0
   5    0            0      7252300        23356       292240    0    0     0     0 13062 36306  28   6  67   0   0   0
   2    0            0      7241804        23356       292240    0    0     0     0 13378 38596  28   6  67   0   0   0
   2    0            0      7241548        23356       292244    0    0     0     0 14048 40787  28   5  66   0   0   0
   1    0            0      7240876        23356       292244    0    0     0     0 13252 37528  28   5  66   0   0   0
--procs-- -----------------------memory---------------------- ---swap-- -----io---- -system-- ----------cpu----------
   r    b         swpd         free         buff        cache   si   so    bi    bo   in   cs  us  sy  id  wa  st  gu
   3    0            0      7239924        23356       292248    0    0     0     0 13241 37479  28   5  66   0   0   0
   1    0            0      7239224        23356       292252    0    0     0     0 13947 40445  28   5  67   0   0   0
   1    0            0      7238020        23356       292252    0    0     0     0 10854 25622  28   4  68   0   0   0
   2    0            0      7237128        23356       292256    0    0     0    24 12878 35522  28   5  67   0   0   0
   1    0            0      7238428        23356       292256    0    0     0     8 13793 38857  28   5  67   0   0   0
   1    0            0      7291256        23368       292276    0    0     0    96 6815 22332  15   4  80   0   0   0
   1    0            0      7281864        23368       292284    0    0     0     4 15428 50759  28   7  65   0   0   0
   1    0            0      7267304        23368       292284    0    0     0     0 15473 49265  29   6  65   0   0   0
   1    0            0      7251544        23368       292288    0    0     0     0 14334 40942  29   6  66   0   0   0
   1    0            0      7250592        23368       292288    0    0     0     0 13016 34379  28   6  67   0   0   0
   2    0            0      7249668        23368       292292    0    0     0     0 12745 32785  28   6  66   0   0   0
   1    0            0      7248432        23368       292292    0    0     0     0 13837 39059  28   5  67   0   0   0
   1    0            0      7246532        23368       292296    0    0     0     0 13899 40322  28   6  66   0   0   0
   1    0            0      7245580        23368       292296    0    0     0    12 14351 42189  28   5  66   0   0   0
   1    0            0      7244376        23368       292300    0    0     0     0 14694 45075  28   6  66   0   0   0
   1    0            0      7243392        23368       292300    0    0     0     0 14289 43309  28   6  66   0   0   0
   1    0            0      7324792        23368       292320    0    0     0     0 9202 27251  18   4  78   0   0   0
   1    0            0      7265388        23368       292328    0    0     0     0 8381 18063  25   4  71   0   0   0
   3    0            0      7271428        23368       292352    0    0     0     4 12444 32818  28   5  66   0   0   0
   1    0            0      7267956        23368       292352    0    0     0     0 14071 41124  28   6  66   0   0   0
   1    0            0      7252640        23368       292356    0    0     0     0 13276 36421  28   5  67   0   0   0
--procs-- -----------------------memory---------------------- ---swap-- -----io---- -system-- ----------cpu----------
   r    b         swpd         free         buff        cache   si   so    bi    bo   in   cs  us  sy  id  wa  st  gu
   1    0            0      7251436        23368       292360    0    0     0     0 13127 35989  28   5  67   0   0   0
   1    0            0      7250768        23368       292364    0    0     0     0 13683 39453  28   6  66   0   0   0
   1    0            0      7249592        23368       292364    0    0     0    96 13332 34956  28   5  67   0   0   0
   2    0            0      7247852        23368       292368    0    0     0     0 12696 33677  28   5  67   0   0   0
   2    0            0      7246456        23368       292368    0    0     0     4 14953 47916  29   5  66   0   0   0
   1    0            0      7245948        23368       292372    0    0     0     0 12861 38931  28   6  66   0   0   0
   1    0            0      7244804        23368       292372    0    0     0     0 11657 29956  28   5  67   0   0   0
   1    0            0      7301088        23368       292388    0    0     0   524 5115 11710  16   3  81   0   0   0
   1    0            0      7286636        23368       292388    0    0     0     0 11314 27539  27   6  66   0   0   0
   1    0            0      7263120        23368       292432    0    0     0     0 14549 45118  28   6  66   0   0   0
   3    0            0      7251168        23368       292432    0    0     0     0 13383 36503  28   5  67   0   0   0
   1    0            0      7250688        23368       292432    0    0     0     0 12657 34199  28   5  67   0   0   0
   1    0            0      7250240        23368       292440    0    0     0     0 13885 39759  28   4  67   0   0   0
   1    0            0      7249348        23368       292440    0    0     0     0 13108 35112  28   5  67   0   0   0
   1    0            0      7248364        23376       292444    0    0     0    40 14218 41022  28   6  67   0   0   0
   2    0            0      7246376        23376       292444    0    0     0    76 13242 35948  28   5  66   0   0   0
   1    0            0      7225296        23376       292464    0    0     0     8 13603 39526  34   7  59   0   0   0
   1    0            0      7224848        23376       292468    0    0     0    32 12358 33057  27   5  67   0   0   0
   0    0            0      7318264        23376       292480    0    0     0     0 11088 30724  23   5  72   0   0   0
   1    0            0      7265672        23380       292484    0    0     0     0 6770 15083  20   4  77   0   0   0
   1    0            0      7262084        23380       292492    0    0     0     0 11988 29971  28   5  67   0   0   0
--procs-- -----------------------memory---------------------- ---swap-- -----io---- -system-- ----------cpu----------
   r    b         swpd         free         buff        cache   si   so    bi    bo   in   cs  us  sy  id  wa  st  gu
   1    0            0      7256260        23380       292496    0    0     0     0 12811 33189  28   6  67   0   0   0
   1    0            0      7240464        23380       292496    0    0     0     0 13370 35991  28   5  66   0   0   0
   3    0            0      7242108        23380       292500    0    0     0     0 11078 27429  28   4  68   0   0   0
   2    0            0      7242152        23380       292500    0    0     0     0 13308 37080  28   6  67   0   0   0
   3    0            0      7241704        23380       292500    0    0     0     0 14716 44977  28   6  66   0   0   0
   1    0            0      7240028        23380       292504    0    0     0     0 12689 34740  28   5  67   0   0   0
   1    0            0      7239076        23380       292504    0    0     0     0 13580 38777  28   5  67   0   0   0
   1    0            0      7237812        23380       292508    0    0     0    16 13711 40219  28   5  67   0   0   0
   2    0            0      7236860        23380       292508    0    0     0     0 11881 30715  28   5  67   0   0   0
   0    0            0      7297536        23380       292532    0    0     0     0 5440 13204  15   3  82   0   0   0
   1    0            0      7255880        23380       292532    0    0     0     0 14793 46088  28   7  65   0   0   0
   1    0            0      7258968        23380       292548    0    0     0     0 15539 52692  28   7  65   0   0   0
   1    0            0      7241384        23380       292548    0    0     0    88 14106 41302  29   5  66   0   0   0
   1    0            0      7239484        23380       292552    0    0     0     0 14659 44448  28   6  66   0   0   0
   1    0            0      7238784        23380       292552    0    0     0     0 13808 38953  28   6  67   0   0   0
   2    0            0      7237548        23380       292552    0    0     0     0 14603 44479  28   6  66   0   0   0
   1    0            0      7236344        23380       292560    0    0     0     0 13245 35290  28   5  67   0   0   0
   1    0            0      7234444        23380       292560    0    0     0    12 13640 37674  28   5  66   0   0   0
   1    0            0      7233460        23380       292560    0    0     0     0 14017 40356  28   6  66   0   0   0
   1    0            0      7232568        23380       292564    0    0     0     0 13217 36386  28   4  67   0   0   0
   1    0            0      7230636        23380       292564    0    0     0     0 12493 32860  28   5  67   0   0   0
--procs-- -----------------------memory---------------------- ---swap-- -----io---- -system-- ----------cpu----------
   r    b         swpd         free         buff        cache   si   so    bi    bo   in   cs  us  sy  id  wa  st  gu
   1    0            0      7281476        23380       292596    0    0     0     0 6361 20931  15   4  81   0   0   0
   3    0            0      7271248        23380       292600    0    0     0     4 14449 45862  29   6  65   0   0   0
   1    0            0      7256144        23392       292600    0    0     0    80 14269 43977  28   6  66   0   0   0
   3    0            0      7241468        23392       292604    0    0     0     0 13821 41289  29   5  66   0   0   0
   2    0            0      7246900        23392       292604    0    0     0     0 14326 45262  28   6  65   0   0   0
   1    0            0      7249720        23392       292612    0    0     0  3812 13826 41974  28   5  66   0   0   0
   1    0            0      7251140        23392       292612    0    0     0     0 12890 35679  28   6  67   0   0   0
   1    0            0      7252144        23392       292612    0    0     0     0 13579 38771  29   4  67   0   0   0
   1    0            0      7251804        23392       292616    0    0     0     0 13536 37796  28   5  66   0   0   0
   3    0            0      7251588        23392       292616    0    0     0     0 12642 33797  28   5  67   0   0   0
   4    0            0      7250892        23392       292620    0    0     0     0 13889 39527  28   5  67   0   0   0
   0    0            0      7334908        23392       292628    0    0     0    32 9101 26103  19   4  77   0   0   0
   4    0            0      7279188        23392       292640    0    0     0     4 8937 21204  23   5  72   0   0   0
   1    0            0      7248836        23392       292644    0    0     0     0 11198 27906  27   6  67   0   0   0
   1    0            0      7239428        23392       292648    0    0     0     0 12421 32877  28   5  67   0   0   0
   2    0            0      7227340        23392       292648    0    0     0     0 13996 41193  28   5  66   0   0   0
   1    0            0      7230596        23392       292648    0    0     0     0 13560 40053  28   5  67   0   0   0
   1    0            0      7233704        23392       292652    0    0     0     0 13248 38308  28   5  67   0   0   0
   1    0            0      7235220        23392       292652    0    0     0     0 12365 33994  28   4  68   0   0   0
   1    0            0      7236956        23392       292660    0    0     0     0 13442 38664  28   5  66   0   0   0
   2    0            0      7238592        23392       292664    0    0     0     0 14372 43452  28   5  66   0   0   0
--procs-- -----------------------memory---------------------- ---swap-- -----io---- -system-- ----------cpu----------
   r    b         swpd         free         buff        cache   si   so    bi    bo   in   cs  us  sy  id  wa  st  gu
   1    0            0      7239904        23392       292664    0    0     0    16 13804 39812  28   6  66   0   0   0
   3    0            0      7239908        23392       292668    0    0     0     0 13627 39617  28   5  67   0   0   0
   4    0            0      7287288        23396       292680    0    0     0     4 4892 11285  15   3  83   0   0   0
   1    0            0      7287676        23396       292688    0    0     0     0 9930 21588  27   5  68   0   0   0
   1    0            0      7265336        23396       292688    0    0     0     0 12642 34442  28   6  66   0   0   0
   1    0            0      7248816        23396       292696    0    0     0     0 13926 43455  29   5  66   0   0   0
   1    0            0      7247196        23396       292696    0    0     0    96 14266 42332  28   5  67   0   0   0
   1    0            0      7249380        23396       292700    0    0     0     0 14175 41824  28   5  67   0   0   0
   1    0            0      7250608        23396       292700    0    0     0     0 12745 37017  28   5  67   0   0   0
   1    0            0      7252308        23396       292700    0    0     0     0 12870 36326  28   4  68   0   0   0
   1    0            0      7251120        23396       292704    0    0     0     0 13504 37054  28   5  67   0   0   0
   1    0            0      7250552        23396       292704    0    0     0    16 13071 36315  28   5  68   0   0   0
   2    0            0      7250492        23404       292708    0    0     0   124 13790 41866  28   5  67   0   0   0
   0    0            0      7317268        23404       292720    0    0     0     0 12414 36462  25   5  70   0   0   0
   1    0            0      7280600        23404       292724    0    0     0     4 5849 13816  17   3  79   0   0   0
   1    0            0      7256072        23404       292732    0    0     0     0 10134 22734  28   5  67   0   0   0
   1    0            0      7243892        23404       292732    0    0     0     0 12558 34364  28   5  67   0   0   0
   1    0            0      7231248        23404       292740    0    0     0     0 13364 37178  28   5  67   0   0   0
   1    0            0      7209308        23404       292752    0    0     0     4 11711 30843  33   7  60   0   0   0
   3    0            0      7215960        23404       292748    0    0     0     4 12442 34660  29   4  67   0   0   0
   1    0            0      7221652        23404       292748    0    0     0     0 12667 34640  28   5  68   0   0   0
--procs-- -----------------------memory---------------------- ---swap-- -----io---- -system-- ----------cpu----------
   r    b         swpd         free         buff        cache   si   so    bi    bo   in   cs  us  sy  id  wa  st  gu
   1    0            0      7226840        23404       292752    0    0     0    12 12989 36459  28   6  66   0   0   0
   1    0            0      7229752        23404       292752    0    0     0     0 13977 40127  28   5  67   0   0   0
   1    0            0      7232496        23404       292756    0    0     0     0 13624 39631  28   5  67   0   0   0
   1    0            0      7234948        23404       292760    0    0     0     0 13175 35807  28   5  67   0   0   0
   1    0            0      7294556        23404       292776    0    0     0     0 7139 18643  17   3  80   0   0   0
   3    0            0      7269400        23404       292816    0    0     0     8 13252 43975  26   6  68   0   0   0
   2    0            0      7268172        23404       292820    0    0     0     0 14638 46929  28   6  65   0   0   0
   1    0            0      7256748        23404       292824    0    0     0     0 13506 37233  28   5  67   0   0   0
   2    0            0      7243876        23404       292824    0    0     0     0 13077 34611  28   5  67   0   0   0
   1    0            0      7246596        23404       292832    0    0     0     0 13489 39393  28   5  67   0   0   0
   4    0            0      7249252        23404       292832    0    0     0     0 14428 41571  28   6  66   0   0   0
   2    0            0      7250980        23404       292836    0    0     0     0 13720 38781  28   5  66   0   0   0
   3    0            0      7252488        23404       292836    0    0     0     0 13750 41450  28   5  67   0   0   0
   1    0            0      7252080        23404       292844    0    0     0     0 13812 39175  28   5  67   0   0   0
   3    0            0      7251924        23404       292844    0    0     0     0 14120 41099  29   5  67   0   0   0
   1    0            0      7250724        23404       292848    0    0     0    32 14163 42598  28   5  67   0   0   0
   1    0            0      7272716        23404       292868    0    0     0     4 4267 9317  14   3  83   0   0   0
   1    0            0      7270644        23404       292880    0    0     0     0 11449 29138  28   6  66   0   0   0
   1    0            0      7251184        23404       292880    0    0     0     0 10688 25705  28   4  68   0   0   0
   1    0            0      7236512        23404       292880    0    0     0     0 12719 34579  28   5  67   0   0   0
   4    0            0      7239552        23404       292888    0    0     0    96 12659 34730  27   5  67   0   0   0
--procs-- -----------------------memory---------------------- ---swap-- -----io---- -system-- ----------cpu----------
   r    b         swpd         free         buff        cache   si   so    bi    bo   in   cs  us  sy  id  wa  st  gu
   1    0            0      7242196        23416       292888    0    0     0    76 13561 40593  29   5  67   0   0   0
   1    0            0      7244636        23416       292888    0    0     0     0 13912 42061  29   4  67   0   0   0
   1    0            0      7246176        23416       292892    0    0     0     0 12070 30452  28   5  67   0   0   0
   1    0            0      7248036        23416       292892    0    0     0     0 13115 35758  28   5  67   0   0   0
   2    0            0      7248840        23416       292900    0    0     0     0 13631 38589  28   5  67   0   0   0
   1    0            0      7248364        23416       292900    0    0     0    16 13581 39053  28   4  67   0   0   0
   0    0            0      7326180        23416       292900    0    0     0     0 10497 30845  21   4  75   0   0   0
   1    0            0      7281656        23420       292920    0    0     0  3588 7288 16412  21   4  75   0   0   0
   2    0            0      7279360        23420       292924    0    0     0     0 11408 27269  27   5  67   0   0   0
   1    0            0      7264940        23420       292928    0    0     0     0 12837 33892  27   5  68   0   0   0
   1    0            0      7244368        23420       292928    0    0     0     0 12755 32842  28   4  67   0   0   0
   1    0            0      7246964        23420       292928    0    0     0     0 13202 36094  28   5  67   0   0   0
   1    0            0      7249336        23420       292932    0    0     0     0 13869 41732  28   5  67   0   0   0
   1    0            0      7250820        23420       292932    0    0     0     0 13101 35288  28   4  68   0   0   0
   1    0            0      7252012        23420       292936    0    0     0     0 11926 31627  28   5  67   0   0   0
   1    0            0      7252248        23420       292936    0    0     0    16 11716 31528  28   5  67   0   0   0
   4    0            0      7252124        23420       292944    0    0     0     0 13457 42200  27   5  67   0   0   0
   1    0            0      7251584        23420       292944    0    0     0     0 13780 44148  28   5  67   0   0   0
   1    0            0      7295480        23420       292960    0    0     0     4 5652 14719  15   3  82   0   0   0
   1    0            0      7286684        23420       292960    0    0     0     0 10695 24845  27   5  68   0   0   0
   3    0            0      7263004        23420       292972    0    0     0     0 11757 29591  28   5  67   0   0   0
--procs-- -----------------------memory---------------------- ---swap-- -----io---- -system-- ----------cpu----------
   r    b         swpd         free         buff        cache   si   so    bi    bo   in   cs  us  sy  id  wa  st  gu
   1    0            0      7254128        23420       292972    0    0     0     0 13713 37696  28   5  67   0   0   0
   1    0            0      7244316        23420       292976    0    0     0     0 13516 36788  28   5  67   0   0   0
   2    0            0      7246588        23420       292976    0    0     0     0 13957 38906  28   5  67   0   0   0
   1    0            0      7249024        23420       292980    0    0     0     0 13689 38050  28   5  68   0   0   0
   1    0            0      7250756        23420       292980    0    0     0    16 12545 34298  28   5  67   0   0   0
   2    0            0      7251952        23420       292984    0    0     0     0 12695 33481  28   5  67   0   0   0
   1    0            0      7252440        23420       292984    0    0     0     0 11478 29495  27   5  68   0   0   0
   3    0            0      7252284        23420       292992    0    0     0     0 13424 37887  28   5  67   0   0   0
   1    0            0      7251684        23420       292992    0    0     0     0 12339 33543  28   4  68   0   0   0
   1    0            0      7293028        23428       293020    0    0     0   164 6249 18110  15   4  81   0   0   0
   3    0            0      7262088        23428       293024    0    0     0    56 14654 48097  29   6  66   0   0   0
   1    0            0      7242152        23428       293028    0    0     0     0 13831 40894  28   6  66   0   0   0
   1    0            0      7235376        23428       293028    0    0     0     0 12937 36419  28   5  67   0   0   0
   4    0            0      7237528        23428       293032    0    0     0     0 11804 30411  28   4  68   0   0   0
   1    0            0      7239868        23428       293032    0    0     0     0 13156 36782  28   5  67   0   0   0
   1    0            0      7241664        23428       293036    0    0     0     0 12834 35069  28   5  67   0   0   0
   1    0            0      7243172        23428       293036    0    0     0     0 12591 33649  28   5  67   0   0   0
   1    0            0      7243052        23428       293040    0    0     0     0 12076 32080  28   4  68   0   0   0
   3    0            0      7243140        23428       293040    0    0     0     0 11966 29938  28   5  67   0   0   0
   1    0            0      7241908        23428       293048    0    0     0    16 13935 40678  28   5  67   0   0   0
   1    0            0      7293404        23428       293072    0    0     0     8 6759 15034  23   6  71   0   0   0
--procs-- -----------------------memory---------------------- ---swap-- -----io---- -system-- ----------cpu----------
   r    b         swpd         free         buff        cache   si   so    bi    bo   in   cs  us  sy  id  wa  st  gu
   1    0            0      7259112        23428       293068    0    0     0     0 6108 11652  25   5  71   0   0   0
   1    0            0      7244732        23428       293180    0    0     0     0 10095 29848  27   6  66   0   0   0
   1    0            0      7228156        23428       293180    0    0     0     0 12989 50694  28   6  66   0   0   0
   1    0            0      7226700        23428       293180    0    0     0     0 13797 55231  29   6  65   0   0   0
   1    0            0      7225072        23428       293192    0    0     0     0 12807 55941  28   6  66   0   0   0
   2    0            0      7223652        23428       293192    0    0     0     0 13173 57130  29   6  65   0   0   0
   2    0            0      7223400        23428       293196    0    0     0     0 12954 56543  28   6  66   0   0   0
   1    0            0      7221132        23428       293212    0    0     0     0 13204 57777  28   6  66   0   0   0
   2    0            0      7206768        23428       293252    0    0     0     0 13466 57980  29   6  65   0   0   0
   2    0            0      7206516        23428       293268    0    0     0    16 13771 58844  28   6  66   0   0   0
   5    0            0      7205760        23428       293308    0    0     0     0 13481 57844  29   6  65   0   0   0
   5    0            0      7289704        23432       293280    0    0     0     0 5537 20869  15   3  81   0   0   0
   1    0            0      7258408        23432       293280    0    0     0     0 3663 3895  27   5  69   0   0   0
   3    0            0      7256948        23432       293292    0    0     0     0 4471 5735  27   5  68   0   0   0
   5    0            0      7227212        23432       293292    0    0     0     0 4265 4880  26   4  70   0   0   0
   1    0            0      7225700        23432       293292    0    0     0     0 4154 4958  26   4  70   0   0   0
   2    0            0      7225700        23432       293296    0    0     0     0 4244 5082  27   3  70   0   0   0
   1    0            0      7225700        23432       293296    0    0     0     0 4153 5071  26   4  70   0   0   0
   3    0            0      7225448        23444       293300    0    0     0    80 4092 4942  26   3  71   0   0   0
   1    0            0      7206044        23444       293300    0    0     0   116 4326 5017  26   4  70   0   0   0
   1    0            0      7205792        23444       293308    0    0     0     0 4153 4992  26   3  70   0   0   0
--procs-- -----------------------memory---------------------- ---swap-- -----io---- -system-- ----------cpu----------
   r    b         swpd         free         buff        cache   si   so    bi    bo   in   cs  us  sy  id  wa  st  gu
   1    0            0      7205540        23444       293308    0    0     0     0 4156 5023  26   4  70   0   0   0
   3    0            0      7205036        23444       293308    0    0     0     0 4043 4786  26   3  70   0   0   0
   1    0            0      7262116        23444       293264    0    0     0     0 2284 2540  15   4  82   0   0   0
   1    0            0      7249136        23444       293300    0    0     0     4 4328 5098  27   5  68   0   0   0
   1    0            0      7232000        23444       293304    0    0     0     0 4315 4892  26   4  69   0   0   0
   1    0            0      7222172        23444       293304    0    0     0     0 4170 4865  27   4  70   0   0   0
   1    0            0      7208460        23444       293308    0    0     0     0 4211 4921  26   4  70   0   0   0
   1    0            0      7204280        23444       293308    0    0     0     0 4173 5018  26   3  71   0   0   0
   1    0            0      7204280        23444       293312    0    0     0     0 4207 4999  26   4  70   0   0   0
   1    0            0      7203776        23444       293312    0    0     0  3484 4268 5164  26   4  70   0   0   0
   1    0            0      7203020        23444       293328    0    0     8     0 4314 5117  27   3  70   0   0   0
   1    0            0      7203020        23444       293328    0    0     0     0 4256 5161  26   3  71   0   0   0
   3    0            0      7202768        23444       293328    0    0     0     0 4088 4877  26   4  70   0   0   0
   0    0            0      7336872        23444       293344    0    0     0    16 3835 4912  23   4  73   0   0   0
   1    0            0      7260884        23444       293384    0    0     0     0 2579 2544  18   4  78   0   0   0
   1    0            0      7265684        23444       293396    0    0     0     0 4301 5261  27   5  69   0   0   0
   3    0            0      7228892        23444       293396    0    0     0     0 4292 4948  26   4  70   0   0   0
   1    0            0      7228892        23444       293396    0    0     0     0 3927 4866  26   4  70   0   0   0
   3    0            0      7211000        23444       293404    0    0     0     0 3992 4642  26   4  70   0   0   0
   1    0            0      7211000        23444       293404    0    0     0     0 3876 4744  26   3  71   0   0   0
   3    0            0      7210748        23444       293412    0    0     0     0 4051 4921  26   4  70   0   0   0
--procs-- -----------------------memory---------------------- ---swap-- -----io---- -system-- ----------cpu----------
   r    b         swpd         free         buff        cache   si   so    bi    bo   in   cs  us  sy  id  wa  st  gu
   1    0            0      7210496        23444       293412    0    0     0     0 3807 4661  26   4  71   0   0   0
   1    0            0      7209740        23444       293412    0    0     0     0 4019 4917  26   4  70   0   0   0
   1    0            0      7209488        23444       293420    0    0     0    16 3863 4705  26   4  70   0   0   0
   3    0            0      7208732        23444       293420    0    0     0     0 3942 4846  27   3  70   0   0   0
   1    0            0      7339804        23444       293352    0    0     0     0 2712 3592  17   3  80   0   0   0
   1    0            0      7259516        23444       293356    0    0     0     0 5908 11163  24   6  70   0   0   0
   3    0            0      7241900        23444       293428    0    0     0     0 9383 27363  28   6  66   0   0   0
   1    0            0      7228568        23452       293428    0    0     0    84 12285 47629  29   6  66   0   0   0
   4    0            0      7222684        23452       293432    0    0     0   164 13073 53491  28   6  66   0   0   0
   1    0            0      7216080        23452       293432    0    0     0     0 12477 54511  28   6  65   0   0   0
   3    0            0      7213056        23452       293440    0    0     0     0 12635 54914  28   6  66   0   0   0
   2    0            0      7211164        23452       293440    0    0     0     0 12918 55791  29   6  65   0   0   0
   1    0            0      7206784        23452       293440    0    0     0     0 13124 56332  29   5  66   0   0   0
   3    0            0      7206532        23452       293460    0    0     0    32 13450 57671  28   7  65   0   0   0
   2    0            0      7205776        23452       293492    0    0     0     0 13305 56773  29   6  66   0   0   0
   3    0            0      7197260        23452       293520    0    0     0     0 13383 57143  30   7  63   0   0   0
   1    0            0      7297156        23460       293456    0    0     0     4 5517 20270  16   4  80   0   0   0
   1    0            0      7257672        23460       293472    0    0     0     0 3809 4049  26   4  69   0   0   0
   1    0            0      7236612        23460       293480    0    0     0     0 4467 5531  27   5  69   0   0   0
   1    0            0      7218716        23460       293480    0    0     0     0 4131 4792  27   3  70   0   0   0
   1    0            0      7215852        23460       293488    0    0     0  3388 4131 4945  27   3  71   0   0   0
--procs-- -----------------------memory---------------------- ---swap-- -----io---- -system-- ----------cpu----------
   r    b         swpd         free         buff        cache   si   so    bi    bo   in   cs  us  sy  id  wa  st  gu
   1    0            0      7199564        23460       293488    0    0     0     0 4118 4722  27   4  70   0   0   0
   1    0            0      7199564        23460       293488    0    0     0     0 3996 4873  27   3  70   0   0   0
   1    0            0      7199564        23460       293492    0    0     0    12 4181 5129  26   3  70   0   0   0
   1    0            0      7199312        23460       293492    0    0     0     0 3976 4761  26   3  71   0   0   0
   1    0            0      7198808        23460       293496    0    0     0     0 4048 4900  26   3  70   0   0   0
   1    0            0      7198556        23460       293496    0    0     0     0 3995 4812  27   4  70   0   0   0
   1    0            0      7198052        23460       293500    0    0     0     0 4018 4842  26   4  70   0   0   0
   1    0            0      7267404        23460       293480    0    0     0     4 2301 2652  15   3  82   0   0   0
   1    0            0      7266008        23460       293528    0    0     0     0 3979 4964  27   4  69   0   0   0
   5    0            0      7233928        23460       293544    0    0     0     0 4192 4782  26   4  70   0   0   0
   3    0            0      7223848        23460       293544    0    0     0     0 4024 4868  26   4  70   0   0   0
   3    0            0      7211500        23460       293552    0    0     0     0 4095 4847  27   3  70   0   0   0
   1    0            0      7205956        23460       293552    0    0     0     0 4046 4834  27   3  70   0   0   0
   1    0            0      7205956        23460       293552    0    0     0     0 3995 4952  26   3  71   0   0   0
   1    0            0      7205452        23460       293556    0    0     0  1932 3965 4899  26   3  70   0   0   0
   1    0            0      7204948        23460       293556    0    0     0     0 3960 4890  27   3  70   0   0   0
   1    0            0      7204696        23472       293560    0    0     0    92 3945 4827  26   3  71   0   0   0
   3    0            0      7202932        23472       293560    0    0     0    16 3964 4884  27   3  70   0   0   0
   0    0            0      7342584        23472       293532    0    0     0     0 3684 4819  24   3  73   0   0   0
   1    0            0      7264660        23472       293616    0    0     0     0 2335 2217  18   4  79   0   0   0
   1    0            0      7267344        23472       293628    0    0     0     0 4024 4877  27   5  68   0   0   0
--procs-- -----------------------memory---------------------- ---swap-- -----io---- -system-- ----------cpu----------
   r    b         swpd         free         buff        cache   si   so    bi    bo   in   cs  us  sy  id  wa  st  gu
   1    0            0      7229852        23472       293628    0    0     0     0 4175 4833  27   4  70   0   0   0
   1    0            0      7229096        23472       293628    0    0     0    96 4078 4889  26   4  70   0   0   0
   1    0            0      7210196        23472       293636    0    0     0     0 4213 4936  26   4  70   0   0   0
   1    0            0      7210196        23472       293636    0    0     0     0 4050 4936  26   4  71   0   0   0
   1    0            0      7209944        23472       293636    0    0     0     0 4151 5098  27   4  70   0   0   0
   1    0            0      7209692        23472       293640    0    0     0     0 4029 4933  26   3  71   0   0   0
   1    0            0      7209440        23472       293640    0    0     0     0 4177 5015  26   4  70   0   0   0
   1    0            0      7208940        23472       293652    0    0     0    32 4112 5012  26   4  70   0   0   0
   1    0            0      7208436        23472       293652    0    0     0     0 4142 5011  26   3  71   0   0   0
   1    0            0      7341296        23472       293552    0    0     0     0 2797 3743  17   3  80   0   0   0
   1    0            0      7258720        23472       293556    0    0     0     0 5535 10551  25   4  71   0   0   0
   1    0            0      7238544        23480       293640    0    0     0    72 9905 29451  27   6  66   0   0   0
   2    0            0      7221240        23480       293648    0    0     0     0 12947 50868  29   6  65   0   0   0
   1    0            0      7219560        23480       293648    0    0     0     0 13784 55145  28   6  66   0   0   0
   5    0            0      7218632        23480       293648    0    0     0     0 12868 56073  28   6  66   0   0   0
   1    0            0      7217464        23480       293656    0    0     0     0 12838 55628  29   6  65   0   0   0
   2    0            0      7216484        23480       293656    0    0     0     0 13187 57157  28   6  65   0   0   0
   1    0            0      7208168        23480       293660    0    0     0    12 13208 57366  29   6  65   0   0   0
   1    0            0      7207160        23480       293676    0    0     0     0 13395 58008  29   5  66   0   0   0
   4    0            0      7207160        23480       293692    0    0     0     0 13520 58279  29   6  65   0   0   0
   2    0            0      7206908        23480       293700    0    0     0     0 13749 59342  29   6  66   0   0   0
--procs-- -----------------------memory---------------------- ---swap-- -----io---- -system-- ----------cpu----------
   r    b         swpd         free         buff        cache   si   so    bi    bo   in   cs  us  sy  id  wa  st  gu
   1    0            0      7318060        23484       293604    0    0     0     0 5393 20374  15   4  81   0   0   0
   1    0            0      7314396        23484       293604    0    0     0     4 4993 10232  25   2  73   0   0   0
   1    0            0      7303972        23484       293612    0    0     0     0 4934 10045  25   2  73   0   0   0
   1    0            0      7292028        23484       293612    0    0     0     0 5076 10427  25   2  73   0   0   0
   1    0            0      7281484        23484       293620    0    0     0     0 5159 10547  25   2  73   0   0   0
   1    0            0      7277988        23484       293620    0    0     0    48 5247 10573  25   3  73   0   0   0
   2    0            0      7276008        23484       293620    0    0     0     0 5248 10685  25   2  73   0   0   0
   1    0            0      7273904        23484       293624    0    0     0     0 5174 10635  25   2  73   0   0   0
   1    0            0      7271724        23484       293624    0    0     0     0 5097 10511  25   2  73   0   0   0
   1    0            0      7269420        23484       293628    0    0     0     0 5217 10685  25   2  73   0   0   0
   1    0            0      7267100        23484       293628    0    0     0     0 5218 10493  25   2  73   0   0   0
   1    0            0      7264404        23484       293632    0    0     0   104 5179 10575  25   2  73   0   0   0
   1    0            0      7303280        23484       293644    0    0     0     0 2254 4656  14   2  84   0   0   0
   1    0            0      7281296        23484       293656    0    0     0     0 4120 9809  25   2  73   0   0   0
   1    0            0      7276656        23484       293656    0    0     0     0 3945 9664  24   2  73   0   0   0
   1    0            0      7275176        23484       293656    0    0     0     0 3894 9522  25   2  73   0   0   0
   1    0            0      7274232        23484       293660    0    0     0     0 4026 10117  25   2  73   0   0   0
   1    0            0      7270748        23484       293660    0    0     0     0 3843 9574  24   2  73   0   0   0
   1    0            0      7267820        23484       293664    0    0     0     0 4079 9557  25   2  73   0   0   0
   1    0            0      7265900        23484       293664    0    0     0     0 4033 9631  25   2  73   0   0   0
   1    0            0      7263224        23492       293672    0    0     0    52 3871 9537  25   2  73   0   0   0
--procs-- -----------------------memory---------------------- ---swap-- -----io---- -system-- ----------cpu----------
   r    b         swpd         free         buff        cache   si   so    bi    bo   in   cs  us  sy  id  wa  st  gu
   2    0            0      7261504        23492       293672    0    0     0    24 4137 9870  25   2  73   0   0   0
   4    0            0      7225444        23516       294972    0    0  1308    60 4378 10058  28   4  67   0   0   0
   1    0            0      7236916        23532       295548    0    0   552   116 3872 7335  22   4  73   0   0   0
   1    0            0      7241532        23532       295556    0    0     0     0 3573 7732  23   2  75   0   0   0
   1    0            0      7255444        23532       295564    0    0     0     0 4198 9862  25   2  73   0   0   0
   1    0            0      7256556        23532       295564    0    0     0     0 4272 10002  25   2  73   0   0   0
   1    0            0      7258580        23532       295568    0    0     0     0 3989 9397  24   2  73   0   0   0
   1    0            0      7260796        23532       295568    0    0     0     0 4064 9480  25   2  73   0   0   0
   1    0            0      7261920        23532       295576    0    0     0     0 4149 9860  25   2  73   0   0   0
   1    0            0      7262576        23532       295580    0    0     0     0 4160 10013  25   2  73   0   0   0
   1    0            0      7263172        23532       295580    0    0     0     0 4104 9503  24   2  73   0   0   0
   1    0            0      7261588        23532       295580    0    0     0    16 3974 9495  25   2  73   0   0   0
   1    0            0      7259208        23532       295584    0    0     0     0 4164 9524  24   3  73   0   0   0
   3    0            0      7257556        23532       295584    0    0     0     0 4264 10128  25   2  73   0   0   0
   1    0            0      7288688        23532       295604    0    0     0     0 2212 4363  15   2  84   0   0   0
   1    0            0      7291332        23532       295604    0    0     0     0 4326 9753  24   2  73   0   0   0
   1    0            0      7284304        23532       295612    0    0     0     0 4219 9911  25   3  73   0   0   0
   1    0            0      7280260        23532       295612    0    0     0     0 4022 9408  25   2  73   0   0   0
   1    0            0      7277960        23532       295612    0    0     0     0 4157 9750  25   2  73   0   0   0
   1    0            0      7275624        23532       295620    0    0     0     0 4141 9829  25   2  73   0   0   0
   1    0            0      7273104        23532       295620    0    0     0     0 3983 9626  25   2  73   0   0   0
--procs-- -----------------------memory---------------------- ---swap-- -----io---- -system-- ----------cpu----------
   r    b         swpd         free         buff        cache   si   so    bi    bo   in   cs  us  sy  id  wa  st  gu
   2    0            0      7271528        23532       295620    0    0     0    96 4154 9849  25   2  73   0   0   0
   1    0            0      7268984        23532       295624    0    0     0     0 4250 9958  25   2  73   0   0   0
   1    0            0      7266528        23532       295624    0    0     0     0 4103 9573  25   2  73   0   0   0
   1    0            0      7264824        23532       295628    0    0     0     0 4332 10144  25   3  73   0   0   0
   0    0            0      7301828        23532       295632    0    0     0     0 3905 8733  22   2  76   0   0   0
   1    0            0      7290956        23536       295648    0    0     0     8 2953 5369  17   2  81   0   0   0
   1    0            0      7298416        23536       295652    0    0     0     0 5106 10249  25   2  73   0   0   0
   1    0            0      7291296        23536       295656    0    0     0     0 5024 10395  25   2  73   0   0   0
   1    0            0      7285176        23536       295656    0    0     0     0 5027 10354  25   2  73   0   0   0
   1    0            0      7280976        23536       295660    0    0     0     0 5169 10390  25   2  73   0   0   0
   1    0            0      7278016        23536       295660    0    0     0    40 5184 10537  25   2  73   0   0   0
   1    0            0      7274952        23544       295672    0    0     0  4208 5129 10370  25   2  73   0   0   0
   1    0            0      7272520        23544       295672    0    0     0     0 5115 10370  25   2  73   0   0   0
   2    0            0      7268520        23544       295680    0    0     0     0 4991 10329  25   2  73   0   0   0
   1    0            0      7266960        23544       295680    0    0     0     0 5215 10605  25   2  73   0   0   0
   1    0            0      7264196        23544       295680    0    0     0    32 5100 10471  25   3  73   0   0   0
   0    0            0      7306300        23544       295700    0    0     0     0 2814 5425  15   2  83   0   0   0
   1    0            0      7293892        23544       295700    0    0     0     0 4046 9128  24   2  74   0   0   0
   1    0            0      7291824        23544       295712    0    0     0     0 4305 10140  24   3  73   0   0   0
   1    0            0      7286528        23544       295712    0    0     0     0 4068 9512  25   2  73   0   0   0
   1    0            0      7282488        23544       295720    0    0     0     0 4084 9441  25   2  73   0   0   0
--procs-- -----------------------memory---------------------- ---swap-- -----io---- -system-- ----------cpu----------
   r    b         swpd         free         buff        cache   si   so    bi    bo   in   cs  us  sy  id  wa  st  gu
   3    0            0      7278016        23544       295720    0    0     0     0 4258 9890  25   3  73   0   0   0
   1    0            0      7274508        23544       295720    0    0     0     0 4133 9731  24   2  73   0   0   0
   1    0            0      7272820        23544       295724    0    0     0     0 4039 9554  25   2  73   0   0   0
   1    0            0      7270300        23544       295724    0    0     0     0 4069 9519  24   3  73   0   0   0
   2    0            0      7267312        23544       295728    0    0     0    16 4246 9962  24   3  73   0   0   0
   1    0            0      7265240        23544       295728    0    0     0     0 3977 9605  25   3  73   0   0   0
   1    0            0      7262744        23544       295736    0    0     0     0 3943 9540  25   2  73   0   0   0
   1    0            0      7289440        23544       295756    0    0     0     0 2144 4492  15   2  84   0   0   0
   1    0            0      7300324        23544       295764    0    0     0     0 4246 10417  24   3  73   0   0   0
   1    0            0      7294488        23544       295764    0    0     0     0 3967 9843  24   3  73   0   0   0
   1    0            0      7287824        23544       295768    0    0     0    84 3977 9718  25   2  73   0   0   0
   1    0            0      7282632        23544       295768    0    0     0     0 4033 9830  25   2  73   0   0   0
   1    0            0      7277308        23544       295772    0    0     0     0 4197 10234  24   2  73   0   0   0
   1    0            0      7274224        23544       295772    0    0     0     0 4000 9581  24   3  73   0   0   0
   1    0            0      7271796        23544       295776    0    0     0     0 4014 9603  25   2  73   0   0   0
   1    0            0      7269724        23544       295776    0    0     0    12 4041 9576  24   3  73   0   0   0
   1    0            0      7267464        23544       295780    0    0     0     0 3924 9582  25   2  74   0   0   0
   1    0            0      7264368        23544       295780    0    0     0     0 4118 10137  24   3  73   0   0   0
   0    0            0      7309548        23544       295800    0    0     0     0 3008 7182  18   2  80   0   0   0
   1    0            0      7301696        23548       295804    0    0     0     0 2963 6797  21   2  77   0   0   0
   1    0            0      7293664        23556       295816    0    0     0    80 3953 10305  24   2  73   0   0   0
--procs-- -----------------------memory---------------------- ---swap-- -----io---- -system-- ----------cpu----------
   r    b         swpd         free         buff        cache   si   so    bi    bo   in   cs  us  sy  id  wa  st  gu
   1    0            0      7291208        23556       295816    0    0     0    80 3710 9622  25   2  73   0   0   0
   1    0            0      7287788        23556       295820    0    0     0     0 3784 9590  24   2  74   0   0   0
   2    0            0      7283620        23556       295820    0    0     0     0 3950 10040  25   2  73   0   0   0
   2    0            0      7266900        23556       295824    0    0     0     0 4365 10457  26   3  71   0   0   0
   1    0            0      7244484        23564       295864    0    0     0     8 4123 9838  29   4  67   0   0   0
   1    0            0      7247612        23564       295864    0    0     0     0 3891 9671  24   2  73   0   0   0
   1    0            0      7249520        23564       295868    0    0     0     0 4006 9797  24   2  73   0   0   0
   1    0            0      7251116        23564       295868    0    0     0     0 4118 10246  25   3  73   0   0   0
   1    0            0      7252264        23564       295872    0    0     0     0 3965 9804  24   2  74   0   0   0
   1    0            0      7283128        23564       295888    0    0     0    32 2339 4531  14   2  84   0   0   0
   1    0            0      7304152        23564       295900    0    0     0     0 5054 10291  25   2  73   0   0   0
   1    0            0      7295136        23564       295900    0    0     0     0 4806 9655  25   2  73   0   0   0
   1    0            0      7288372        23564       295900    0    0     0     0 4985 10135  25   2  73   0   0   0
   1    0            0      7282584        23564       295908    0    0     0     0 4916 10169  25   3  73   0   0   0
   1    0            0      7279812        23564       295908    0    0     0     0 4863 10123  26   2  73   0   0   0
   1    0            0      7277156        23564       295908    0    0     0     0 4950 10052  25   2  72   0   0   0
   1    0            0      7274456        23564       295912    0    0     0     0 5047 10155  25   3  73   0   0   0
   1    0            0      7271688        23564       295912    0    0     0     0 5149 10216  25   3  72   0   0   0
   1    0            0      7268984        23564       295916    0    0     0     0 5013 10046  25   2  73   0   0   0
   1    0            0      7265916        23564       295916    0    0     0    16 5046 10251  25   3  72   0   0   0
   0    0            0      7307012        23564       295928    0    0     0     0 5037 10113  23   3  74   0   0   0
--procs-- -----------------------memory---------------------- ---swap-- -----io---- -system-- ----------cpu----------
   r    b         swpd         free         buff        cache   si   so    bi    bo   in   cs  us  sy  id  wa  st  gu
   1    0            0      7302780        23564       295932    0    0     0     0 1311 1283  16   1  83   0   0   0
   1    0            0      7298748        23564       295944    0    0     0     0 2173 2566  25   0  75   0   0   0
   1    0            0      7297516        23564       295944    0    0     0     0 2141 2469  25   1  74   0   0   0
   1    0            0      7298648        23564       295944    0    0     0    96 2132 2443  25   0  74   0   0   0
   1    0            0      7297644        23564       295948    0    0     0     0 2163 2432  25   1  74   0   0   0
   1    0            0      7295240        23564       295948    0    0     0     0 2166 2434  25   0  75   0   0   0
   1    0            0      7296620        23564       295956    0    0     0     0 2146 2434  25   1  74   0   0   0
   1    0            0      7282720        23564       295956    0    0     0     0 2188 2483  25   1  74   0   0   0
   3    0            0      7284308        23564       295956    0    0     0    16 2197 2578  25   1  74   0   0   0
   1    0            0      7286524        23576       295964    0    0     0   100 2242 2637  25   1  74   0   0   0
   1    0            0      7286028        23576       295964    0    0     0     0 2244 2688  25   1  74   0   0   0
   1    0            0      7320864        23576       295984    0    0     0     0 1613 1829  16   1  83   0   0   0
   1    0            0      7297168        23576       296020    0    0     0     0 1789 1827  24   1  76   0   0   0
   1    0            0      7298144        23576       296024    0    0     0  3372 1927 2121  25   1  74   0   0   0
   1    0            0      7298572        23576       296032    0    0     0     0 1812 2027  25   0  75   0   0   0
   1    0            0      7300136        23576       296032    0    0     0     0 1838 2117  25   1  74   0   0   0
   1    0            0      7299388        23576       296044    0    0     0     0 1782 1961  25   0  75   0   0   0
   1    0            0      7299284        23576       296044    0    0     0     0 1918 2290  25   0  74   0   0   0
   1    0            0      7298888        23576       296048    0    0     0     0 1838 2045  25   0  74   0   0   0
   1    0            0      7294184        23576       296048    0    0     0    12 1948 2314  25   1  74   0   0   0
   1    0            0      7293408        23576       296056    0    0     0     0 1975 2312  25   0  74   0   0   0
--procs-- -----------------------memory---------------------- ---swap-- -----io---- -system-- ----------cpu----------
   r    b         swpd         free         buff        cache   si   so    bi    bo   in   cs  us  sy  id  wa  st  gu
   1    0            0      7293408        23576       296056    0    0     0     0 1949 2310  25   1  74   0   0   0
   1    0            0      7292192        23576       296060    0    0     0     0 2113 2673  25   0  74   0   0   0
   1    0            0      7299992        23576       296072    0    0     0     0 1342 1251  15   1  84   0   0   0
   1    0            0      7302868        23576       296084    0    0     0     4 2084 2392  25   1  74   0   0   0
   1    0            0      7302364        23576       296084    0    0     0     0 1753 1866  25   0  74   0   0   0
   1    0            0      7301356        23576       296084    0    0     0     0 1814 2053  25   0  75   0   0   0
   1    0            0      7301356        23576       296088    0    0     0     0 1905 2281  25   0  75   0   0   0
   1    0            0      7299340        23576       296088    0    0     0     0 1925 2171  25   1  74   0   0   0
   1    0            0      7299340        23576       296092    0    0     0     0 1990 2355  25   1  74   0   0   0
   1    0            0      7299340        23576       296092    0    0     0     0 1959 2261  25   1  74   0   0   0
   1    0            0      7299340        23576       296096    0    0     0     0 1975 2364  25   1  74   0   0   0
   1    0            0      7295136        23576       296096    0    0     0     0 2049 2449  25   1  74   0   0   0
   1    0            0      7295160        23576       296100    0    0     0     0 1970 2255  25   1  74   0   0   0
   0    0            0      7338684        23576       296100    0    0     0   116 1940 2329  22   1  77   0   0   0
   1    0            0      7312632        23580       296120    0    0     0     0 1330 1198  18   1  81   0   0   0
   1    0            0      7310628        23580       296124    0    0     0     0 2066 2382  25   1  74   0   0   0
   1    0            0      7309872        23580       296124    0    0     0     0 1866 2112  25   1  74   0   0   0
   1    0            0      7308864        23580       296128    0    0     0     0 1945 2298  25   1  74   0   0   0
   1    0            0      7306848        23588       296128    0    0     0   112 1953 2256  25   1  74   0   0   0
   1    0            0      7306848        23588       296136    0    0     0     0 1988 2294  25   1  74   0   0   0
   1    0            0      7306848        23588       296136    0    0     0     0 2056 2432  25   1  74   0   0   0
--procs-- -----------------------memory---------------------- ---swap-- -----io---- -system-- ----------cpu----------
   r    b         swpd         free         buff        cache   si   so    bi    bo   in   cs  us  sy  id  wa  st  gu
   1    0            0      7302640        23588       296136    0    0     0     0 2080 2453  25   0  74   0   0   0
   1    0            0      7301200        23588       296140    0    0     0     0 2118 2498  25   1  74   0   0   0
   1    0            0      7301052        23588       296144    0    0     0    16 2117 2518  25   1  74   0   0   0
   1    0            0      7299036        23588       296144    0    0     0     0 2099 2538  25   1  74   0   0   0
   1    0            0      7311432        23588       296156    0    0     0     0 1493 1582  16   1  83   0   0   0
   1    0            0      7305840        23588       296160    0    0     0     0 1940 2207  24   0  76   0   0   0
   1    0            0      7308776        23588       296168    0    0     0     0 2198 2594  25   1  74   0   0   0
   1    0            0      7308524        23588       296168    0    0     0     0 2081 2422  25   1  74   0   0   0
   1    0            0      7307012        23588       296176    0    0     0     0 2208 2531  25   0  75   0   0   0
   1    0            0      7307012        23588       296180    0    0     0     0 2213 2562  25   1  74   0   0   0
   1    0            0      7304996        23588       296180    0    0     0     0 2253 2585  25   1  74   0   0   0
   1    0            0      7304996        23588       296184    0    0     0     0 2211 2563  25   1  74   0   0   0
   1    0            0      7304996        23588       296184    0    0     0     0 2209 2535  25   1  74   0   0   0
   1    0            0      7300712        23588       296192    0    0     0    16 2192 2578  25   1  74   0   0   0
   3    0            0      7300208        23588       296192    0    0     0     0 2202 2516  25   1  74   0   0   0
   1    0            0      7299200        23588       296192    0    0     0     0 2186 2461  25   1  74   0   0   0
   1    0            0      7311468        23588       296216    0    0     0     0 1341 1207  14   1  84   0   0   0
   1    0            0      7310460        23588       296224    0    0     0     0 2013 2300  25   1  74   0   0   0
   2    0            0      7310460        23588       296224    0    0     0     0 1801 1965  25   0  75   0   0   0
   1    0            0      7310036        23588       296228    0    0     0     0 1876 2039  26   1  74   0   0   0
   1    0            0      7278120        23588       296228    0    0     0     8 2847 3527  30   3  67   0   0   0
--procs-- -----------------------memory---------------------- ---swap-- -----io---- -system-- ----------cpu----------
   r    b         swpd         free         buff        cache   si   so    bi    bo   in   cs  us  sy  id  wa  st  gu
   1    0            0      7279500        23588       296236    0    0     0     0 1909 2218  25   1  74   0   0   0
   1    0            0      7281840        23588       296236    0    0     0     0 2014 2448  25   0  74   0   0   0
   1    0            0      7283064        23592       296236    0    0     0   112 1948 2150  25   1  74   0   0   0
   1    0            0      7285596        23592       296240    0    0     0     0 2040 2436  25   1  74   0   0   0
   1    0            0      7287732        23592       296240    0    0     0     0 1904 2231  25   0  75   0   0   0
   1    0            0      7285184        23592       296248    0    0     0     0 2119 2637  25   0  75   0   0   0
   0    0            0      7325932        23592       296248    0    0     0     0 2110 2525  23   1  76   0   0   0
   2    0            0      7298324        23604       296264    0    0     0   176 1405  726  25   3  72   0   0   0
   2    0            0      7298324        23604       296264    0    0     0     0 2199 1135  45   5  50   0   0   0
   2    0            0      7298324        23604       296264    0    0     0     0 2219 1059  44   5  50   0   0   0
   2    0            0      7297848        23604       296272    0    0     0     0 2175 1137  45   4  50   0   0   0
   2    0            0      7296224        23604       296272    0    0     0     0 2142 1077  45   5  50   0   0   0
   2    0            0      7295300        23604       296272    0    0     0     0 2159 1061  46   4  50   0   0   0
   2    0            0      7293676        23604       296276    0    0     0     0 2164 1025  45   4  51   0   0   0
   2    0            0      7292500        23604       296276    0    0     0     0 2180 1082  45   5  51   0   0   0
   2    0            0      7292600        23604       296280    0    0     0     0 2141 1036  45   5  50   0   0   0
   2    0            0      7292224        23604       296280    0    0     0     0 2125  937  45   4  50   0   0   0
   2    0            0      7291672        23604       296284    0    0     0    16 2125  915  45   5  50   0   0   0
   1    0            0      7317972        23608       296288    0    0     0     0 1424  631  28   3  70   0   0   0
   2    0            0      7296660        23608       296300    0    0     0     0 2261 1817  36   4  60   0   0   0
   2    0            0      7295540        23608       296300    0    0     0     0 2701 2346  43   5  52   0   0   0
--procs-- -----------------------memory---------------------- ---swap-- -----io---- -system-- ----------cpu----------
   r    b         swpd         free         buff        cache   si   so    bi    bo   in   cs  us  sy  id  wa  st  gu
   2    0            0      7294196        23608       296312    0    0     0     0 2661 2265  44   4  52   0   0   0
   2    0            0      7292628        23608       296312    0    0     0     0 2651 2237  44   5  52   0   0   0
   2    0            0      7291508        23608       296312    0    0     0     0 2508 2306  44   4  52   0   0   0
   2    0            0      7290388        23608       296316    0    0     0     0 2587 2250  44   4  52   0   0   0
   2    0            0      7289044        23608       296316    0    0     0     0 2616 2283  44   5  52   0   0   0
   2    0            0      7289912        23608       296320    0    0     0     0 2567 2338  44   4  51   0   0   0
   2    0            0      7289976        23608       296320    0    0     0    16 2619 2347  44   4  52   0   0   0
   2    0            0      7289976        23608       296332    0    0     0     0 2580 2357  44   4  52   0   0   0
   2    0            0      7289912        23608       296332    0    0     0  3052 2636 2324  44   5  51   0   0   0
   1    0            0      7290536        23608       296376    0    0     0     0 1331  876  20   2  78   0   0   0
   2    0            0      7289140        23608       296380    0    0     0     0 2555 1816  44   5  52   0   0   0
   2    0            0      7288020        23608       296380    0    0     0     0 2339 1509  45   5  51   0   0   0
   2    0            0      7286900        23608       296384    0    0     0    84 2356 1492  45   4  51   0   0   0
   2    0            0      7285556        23608       296384    0    0     0     0 2387 1450  44   5  51   0   0   0
   2    0            0      7284212        23608       296388    0    0     0     0 2336 1461  45   5  51   0   0   0
   2    0            0      7282868        23608       296388    0    0     0     0 2271 1417  45   5  51   0   0   0
   2    0            0      7281748        23620       296380    0    0     0    60 2306 1417  44   5  51   0   0   0
   2    0            0      7282200        23620       296392    0    0     0    20 2220 1373  44   5  51   0   0   0
   2    0            0      7283768        23620       296396    0    0     0     0 2234 1365  45   4  51   0   0   0
   2    0            0      7283704        23620       296396    0    0     0     0 2221 1386  45   5  51   0   0   0
   2    0            0      7283800        23620       296400    0    0     0     0 2248 1429  44   5  51   0   0   0
--procs-- -----------------------memory---------------------- ---swap-- -----io---- -system-- ----------cpu----------
   r    b         swpd         free         buff        cache   si   so    bi    bo   in   cs  us  sy  id  wa  st  gu
   2    0            0      7298380        23620       296424    0    0     0     0 1307  865  19   3  78   0   0   0
   2    0            0      7296812        23620       296424    0    0     0     0 2757 2382  43   5  52   0   0   0
   2    0            0      7295532        23620       296428    0    0     0     0 2815 2303  43   5  52   0   0   0
   2    0            0      7294156        23620       296428    0    0     0     0 2692 2265  44   4  52   0   0   0
   2    0            0      7292780        23620       296432    0    0     0     0 2727 2234  44   5  52   0   0   0
   2    0            0      7291500        23620       296432    0    0     0     0 2651 2163  44   5  52   0   0   0
   2    0            0      7290092        23620       296440    0    0     0     0 2727 2167  44   5  52   0   0   0
   2    0            0      7290548        23620       296440    0    0     0     0 2710 2164  44   4  52   0   0   0
   2    0            0      7291964        23620       296440    0    0     0     0 2670 2172  44   5  52   0   0   0
   2    0            0      7292016        23620       296448    0    0     0     0 2625 2057  44   5  51   0   0   0
   2    0            0      7291588        23620       296448    0    0     0     0 2647 2158  44   4  52   0   0   0
   0    0            0      7319732        23620       296460    0    0     0    12 2249 1518  34   4  62   0   0   0
   2    0            0      7274932        23620       296468    0    0     0     0 1716 1135  29   4  68   0   0   0
   2    0            0      7276452        23620       296468    0    0     0     0 2372 1679  45   5  51   0   0   0
   2    0            0      7275332        23620       296468    0    0     0     0 2289 1570  44   5  51   0   0   0
   2    0            0      7277264        23620       296472    0    0     0     0 2265 1469  44   5  51   0   0   0
   2    0            0      7280520        23620       296472    0    0     0     0 2252 1383  45   5  51   0   0   0
   2    0            0      7279400        23620       296476    0    0     0     0 2260 1389  44   5  51   0   0   0
   2    0            0      7278912        23620       296476    0    0     0     0 2233 1431  45   4  51   0   0   0
   3    0            0      7280056        23620       296484    0    0     0     0 2741 2067  46   5  49   0   0   0
   2    0            0      7257040        23620       296488    0    0     0     8 2981 2277  49   7  44   0   0   0
--procs-- -----------------------memory---------------------- ---swap-- -----io---- -system-- ----------cpu----------
   r    b         swpd         free         buff        cache   si   so    bi    bo   in   cs  us  sy  id  wa  st  gu
   2    0            0      7262128        23620       296488    0    0     0    84 2333 1511  45   4  51   0   0   0
   2    0            0      7266596        23620       296492    0    0     0     0 2460 1824  44   5  51   0   0   0
   1    0            0      7298604        23620       296508    0    0     0     0 1501  921  25   3  72   0   0   0
   2    0            0      7278236        23620       296516    0    0     0     0 2491 1962  39   4  57   0   0   0
   2    0            0      7279448        23620       296520    0    0     0     0 2614 2034  45   4  52   0   0   0
   2    0            0      7280452        23632       296524    0    0     0   180 2687 2025  45   4  51   0   0   0
   2    0            0      7281288        23632       296524    0    0     0     0 2668 2054  44   5  51   0   0   0
   2    0            0      7281180        23632       296528    0    0     0     0 2658 1965  44   4  51   0   0   0
   2    0            0      7280060        23632       296528    0    0     0     0 2615 1974  44   5  52   0   0   0
   2    0            0      7278492        23632       296528    0    0     0     0 2620 2047  44   5  51   0   0   0
   2    0            0      7279420        23632       296532    0    0     0    28 2606 2078  44   5  51   0   0   0
   2    0            0      7280412        23632       296532    0    0     0     0 2654 2066  44   5  51   0   0   0
   2    0            0      7280284        23632       296540    0    0     0     0 2581 1957  44   5  52   0   0   0
   2    0            0      7280476        23632       296540    0    0     0     0 2659 2143  43   5  52   0   0   0
