--procs-- -----------------------memory---------------------- ---swap-- -----io---- -system-- ----------cpu----------
   r    b         swpd         free         buff        cache   si   so    bi    bo   in   cs  us  sy  id  wa  st  gu
   3    0            0      7303200        22812       287956    0    0   705    82 1935   11   7   1  92   0   0   0
   1    0            0      7258292        22812       288052    0    0     0     0 12642 43284  25   6  68   0   0   0
   1    0            0      7262072        22812       288088    0    0     0     0 14921 47731  28   6  66   0   0   0
   3    0            0      7246788        22812       288092    0    0     0     0 14260 41942  28   7  65   0   0   0
   1    0            0      7239944        22812       288092    0    0     0    24 13907 40817  28   6  66   0   0   0
   3    0            0      7242552        22812       288096    0    0     0     0 14878 44827  29   6  65   0   0   0
   1    0            0      7244836        22812       288096    0    0     0     0 13599 36274  28   6  66   0   0   0
   1    0            0      7245824        22812       288100    0    0     0     0 14220 42415  28   6  66   0   0   0
   1    0            0      7247568        22812       288100    0    0     0     0 13186 37425  28   5  67   0   0   0
   2    0            0      7247304        22824       288104    0    0     0   192 14408 41534  28   6  66   0   0   0
   3    0            0      7247408        22824       288112    0    0     0  1100 14883 45402  28   6  66   0   0   0
   1    0            0      7247292        22824       288112    0    0     0     0 15094 46861  28   6  66   0   0   0
   3    0            0      7309872        22824       288136    0    0     0     0 6196 17484  16   3  81   0   0   0
   1    0            0      7299964        22824       288140    0    0     0     0 14790 47599  28   6  66   0   0   0
   1    0            0      7268772        22824       288144    0    0     0    20 15297 51391  29   6  66   0   0   0
   3    0            0      7260204        22824       288148    0    0     0     0 12850 34701  28   5  67   0   0   0
   1    0            0      7257936        22824       288148    0    0     0     0 12764 36443  28   5  67   0   0   0
   1    0            0      7257684        22824       288152    0    0     0     0 14132 41493  28   5  67   0   0   0
   2    0            0      7257432        22824       288156    0    0     0     0 14407 44282  28   5  67   0   0   0
   2    0            0      7256928        22824       288156    0    0     0    40 14106 41331  27   6  67   0   0   0
   2    0            0      7256424        22824       288160    0    0     0     0 14557 45414  28   5  67   0   0   0
--procs-- -----------------------memory---------------------- ---swap-- -----io---- -system-- ----------cpu----------
   r    b         swpd         free         buff        cache   si   so    bi    bo   in   cs  us  sy  id  wa  st  gu
   3    0            0      7254912        22824       288160    0    0     0     0 11605 30219  28   5  68   0   0   0
   2    0            0      7254660        22824       288164    0    0     0     0 13046 34527  28   5  67   0   0   0
   1    0            0      7341092        22828       288184    0    0    20     0 11040 30521  24   4  73   0   0   0
   2    0            0      7291712        22828       288208    0    0     0    12 9061 29756  20   4  76   0   0   0
   2    0            0      7284964        22828       288216    0    0     0     0 13154 36064  27   6  67   0   0   0
   2    0            0      7275192        22828       288216    0    0     0     0 12796 34283  27   6  67   0   0   0
   2    0            0      7254584        22828       288220    0    0     0     0 12916 34511  28   5  67   0   0   0
   2    0            0      7254136        22828       288220    0    0     0     0 12601 34372  28   4  68   0   0   0
   2    0            0      7253912        22828       288224    0    0     0     0 14307 40974  28   5  67   0   0   0
   5    0            0      7253464        22828       288224    0    0     0    20 12752 33294  28   5  68   0   0   0
   3    0            0      7253048        22828       288232    0    0     0     0 13903 39228  28   5  67   0   0   0
   3    0            0      7232152        22828       288248    0    0     0     0 13553 40668  30   7  63   0   0   0
   2    0            0      7221660        22840       288380    0    0   120   104 10868 27706  30   5  64   0   0   0
   2    0            0      7220992        22840       288384    0    0     0     0 12841 33985  28   5  67   0   0   0
   1    0            0      7285932        22840       288392    0    0     0   184 5679 13833  15   3  82   0   0   0
   2    0            0      7269936        22840       288404    0    0     0     0 14953 48756  29   6  65   0   0   0
   2    0            0      7279580        22840       288416    0    0     0     0 14015 39738  28   6  66   0   0   0
   2    0            0      7271352        22840       288416    0    0     0     0 13417 36173  28   5  67   0   0   0
   1    0            0      7262024        22840       288420    0    0     0     0 13486 37909  28   5  67   0   0   0
   4    0            0      7260820        22840       288424    0    0     0     0 13407 37645  29   4  67   0   0   0
   1    0            0      7259868        22840       288424    0    0     0     0 12582 32437  28   5  68   0   0   0
--procs-- -----------------------memory---------------------- ---swap-- -----io---- -system-- ----------cpu----------
   r    b         swpd         free         buff        cache   si   so    bi    bo   in   cs  us  sy  id  wa  st  gu
   4    0            0      7259140        22840       288428    0    0     0     0 14019 38900  28   5  66   0   0   0
   2    0            0      7257656        22840       288428    0    0     0     0 14617 44081  28   5  67   0   0   0
   3    0            0      7256736        22840       288432    0    0     0     0 14196 41397  29   5  67   0   0   0
   1    0            0      7254552        22840       288432    0    0     0    24 12623 33224  28   6  67   0   0   0
   1    0            0      7253852        22840       288436    0    0     0     0 13769 40138  28   5  67   0   0   0
   1    0            0      7301616        22840       288452    0    0     0     0 6327 17756  15   3  81   0   0   0
   3    0            0      7282208        22840       288456    0    0     0     0 14416 44358  28   6  65   0   0   0
   1    0            0      7270172        22840       288460    0    0     0     0 14540 43206  28   5  66   0   0   0
   2    0            0      7253508        22840       288464    0    0     0     0 14036 39894  28   6  66   0   0   0
   1    0            0      7252868        22840       288464    0    0     0     0 13255 36459  28   5  67   0   0   0
   1    0            0      7252420        22840       288468    0    0     0     0 13921 38930  28   5  67   0   0   0
   1    0            0      7251496        22840       288468    0    0     0     0 12918 35137  28   5  67   0   0   0
   1    0            0      7250572        22840       288472    0    0     0     0 12546 32734  28   5  68   0   0   0
   1    0            0      7249840        22840       288472    0    0     0    16 11803 30648  28   4  68   0   0   0
   1    0            0      7248668        22840       288476    0    0     0     0 14291 40542  28   5  67   0   0   0
   1    0            0      7249552        22840       288480    0    0     0     0 12292 32304  28   5  68   0   0   0
   0    0            0      7337900        22840       288492    0    0     0     0 8259 22353  18   4  78   0   0   0
   1    0            0      7287244        22840       288496    0    0     0     0 11280 32984  25   6  69   0   0   0
   2    0            0      7301648        22844       288500    0    0     0     0 14126 43388  28   6  66   0   0   0
   3    0            0      7291624        22844       288504    0    0     0     0 12182 31425  27   5  68   0   0   0
   1    0            0      7274292        22844       288504    0    0     0     0 13516 37814  28   6  67   0   0   0
--procs-- -----------------------memory---------------------- ---swap-- -----io---- -system-- ----------cpu----------
   r    b         swpd         free         buff        cache   si   so    bi    bo   in   cs  us  sy  id  wa  st  gu
   1    0            0      7273784        22852       288516    0    0     0  2120 12990 35229  28   5  68   0   0   0
   1    0            0      7272892        22852       288516    0    0     0    80 12738 33156  28   4  68   0   0   0
   1    0            0      7271880        22852       288516    0    0     0     8 13601 38152  28   5  67   0   0   0
   1    0            0      7269668        22852       288520    0    0     0     0 12812 35333  28   5  67   0   0   0
   2    0            0      7269252        22852       288520    0    0     0     0 13117 35960  28   5  68   0   0   0
   2    0            0      7268300        22852       288528    0    0     0  1288 12792 33684  28   4  68   0   0   0
   1    0            0      7266812        22852       288528    0    0     0     0 12046 30347  28   5  67   0   0   0
   1    0            0      7319064        22852       288560    0    0     0     0 5646 15767  15   3  82   0   0   0
   1    0            0      7308344        22852       288560    0    0     0   108 13639 41198  28   6  66   0   0   0
   1    0            0      7288716        22852       288600    0    0     0     0 13849 41846  28   6  66   0   0   0
   1    0            0      7277400        22852       288600    0    0     0     0 13871 39879  28   5  67   0   0   0
   1    0            0      7268920        22852       288604    0    0     0     0 13262 37039  28   5  67   0   0   0
   1    0            0      7268664        22852       288604    0    0     0     0 12951 35867  28   4  68   0   0   0
   3    0            0      7268024        22852       288608    0    0     0     0 13900 38850  28   5  67   0   0   0
   1    0            0      7267768        22852       288608    0    0     0     0 12846 34646  28   5  67   0   0   0
   1    0            0      7267352        22852       288616    0    0     0     0 12930 34896  28   5  67   0   0   0
   1    0            0      7266844        22852       288616    0    0     0     0 13171 36156  28   5  67   0   0   0
   1    0            0      7265892        22852       288616    0    0     0     0 13398 37445  27   6  67   0   0   0
   0    0            0      7344232        22852       288628    0    0     0    32 10220 25606  23   4  72   0   0   0
   1    0            0      7294788        22852       288632    0    0     0     0 9334 30820  20   4  76   0   0   0
   1    0            0      7288228        22852       288640    0    0     0     0 15194 49414  29   6  65   0   0   0
--procs-- -----------------------memory---------------------- ---swap-- -----io---- -system-- ----------cpu----------
   r    b         swpd         free         buff        cache   si   so    bi    bo   in   cs  us  sy  id  wa  st  gu
   1    0            0      7287084        22852       288640    0    0     0     0 14045 39380  28   5  67   0   0   0
   1    0            0      7263168        22852       288648    0    0     0     0 14241 40326  28   6  66   0   0   0
   1    0            0      7261548        22852       288648    0    0     0     0 13740 39389  28   5  67   0   0   0
   1    0            0      7260848        22852       288648    0    0     0     0 12720 35293  28   5  67   0   0   0
   1    0            0      7259864        22852       288652    0    0     0     0 12847 35154  28   5  67   0   0   0
   1    0            0      7258940        22852       288652    0    0     0     0 13245 34884  28   5  67   0   0   0
   1    0            0      7257796        22852       288656    0    0     0     0 13679 37334  28   6  66   0   0   0
   1    0            0      7257064        22852       288656    0    0     0    16 12624 34846  28   5  67   0   0   0
   1    0            0      7256172        22852       288660    0    0     0     0 13368 36341  29   4  67   0   0   0
   0    0            0      7319400        22860       288680    0    0     0    44 6647 19131  16   3  81   0   0   0
   1    0            0      7282664        22860       288680    0    0     0     0 13346 37890  27   6  67   0   0   0
   1    0            0      7291816        22860       288692    0    0     0     0 14401 50213  28   6  66   0   0   0
   1    0            0      7285100        22860       288692    0    0     0     0 11923 30775  27   5  68   0   0   0
   1    0            0      7271548        22860       288692    0    0     0     0 11490 28228  28   5  67   0   0   0
   4    0            0      7270564        22860       288696    0    0     0     0 14060 41778  28   6  66   0   0   0
   1    0            0      7269864        22860       288696    0    0     0     0 12988 36263  28   5  67   0   0   0
   1    0            0      7269164        22860       288700    0    0     0     0 13308 37182  28   5  68   0   0   0
   1    0            0      7268244        22860       288704    0    0     0    12 13268 36404  28   6  67   0   0   0
   1    0            0      7267008        22860       288704    0    0     0     0 13304 38298  28   4  67   0   0   0
   1    0            0      7265804        22860       288704    0    0     0     0 13110 35660  28   5  67   0   0   0
   4    0            0      7264824        22860       288712    0    0     0     0 13963 42252  27   6  67   0   0   0
--procs-- -----------------------memory---------------------- ---swap-- -----io---- -system-- ----------cpu----------
   r    b         swpd         free         buff        cache   si   so    bi    bo   in   cs  us  sy  id  wa  st  gu
   1    0            0      7308240        22860       288724    0    0     0     0 6686 21008  16   4  81   0   0   0
   1    0            0      7298884        22864       288732    0    0     0    96 15340 52735  29   6  65   0   0   0
   2    0            0      7285124        22864       288732    0    0     0     0 14878 44438  28   6  66   0   0   0
   4    0            0      7266784        22864       288736    0    0     0     0 13954 39385  28   6  66   0   0   0
   1    0            0      7266052        22864       288736    0    0     0     0 14090 40416  29   5  66   0   0   0
   1    0            0      7265384        22864       288740    0    0     0     0 13692 38663  28   5  67   0   0   0
   1    0            0      7264684        22864       288740    0    0     0    16 14203 41630  28   5  66   0   0   0
   1    0            0      7263732        22864       288748    0    0     0     0 13022 36603  28   5  66   0   0   0
   1    0            0      7262304        22864       288748    0    0     0     0 12879 34953  28   5  67   0   0   0
   1    0            0      7261320        22864       288748    0    0     0     0 13883 38820  28   5  66   0   0   0
   3    0            0      7259864        22864       288752    0    0     0     0 14246 40726  28   5  66   0   0   0
   0    0            0      7348160        22864       288760    0    0     0     0 8969 25959  18   4  78   0   0   0
   2    0            0      7294036        22864       288768    0    0     0     8 12278 42750  25   6  69   0   0   0
   1    0            0      7286992        22864       288772    0    0     0     0 15097 51586  28   7  65   0   0   0
   1    0            0      7282764        22864       288780    0    0     0     0 14046 39489  28   5  67   0   0   0
   1    0            0      7260364        22864       288780    0    0     0     0 14745 45301  28   6  66   0   0   0
   1    0            0      7259948        22864       288780    0    0     0     0 14923 44998  28   6  66   0   0   0
   3    0            0      7259468        22864       288784    0    0     0     0 12902 33394  28   6  67   0   0   0
   1    0            0      7259020        22864       288784    0    0     0     0 13627 39816  28   5  67   0   0   0
   1    0            0      7257844        22872       288792    0    0     0    84 12325 32409  28   6  67   0   0   0
   1    0            0      7257368        22872       288796    0    0     0     0 14105 39738  28   6  66   0   0   0
--procs-- -----------------------memory---------------------- ---swap-- -----io---- -system-- ----------cpu----------
   r    b         swpd         free         buff        cache   si   so    bi    bo   in   cs  us  sy  id  wa  st  gu
   1    0            0      7256668        22872       288796    0    0     0     0 14408 41970  28   5  67   0   0   0
   3    0            0      7255968        22872       288800    0    0     0    16 14275 43450  28   5  67   0   0   0
   1    0            0      7316708        22872       288824    0    0     0     0 5880 15776  16   3  81   0   0   0
   1    0            0      7298188        22872       288836    0    0     0     0 13738 39881  28   6  67   0   0   0
   4    0            0      7279548        22872       288836    0    0     0     0 14151 43916  28   5  66   0   0   0
   1    0            0      7275040        22872       288836    0    0     0     0 13371 39030  27   6  67   0   0   0
   1    0            0      7265520        22872       288840    0    0     0     0 12972 34545  28   5  67   0   0   0
   4    0            0      7265040        22872       288840    0    0     0     0 12859 34504  28   5  67   0   0   0
   3    0            0      7264312        22872       288844    0    0     0     0 14038 42598  28   5  67   0   0   0
   1    0            0      7263584        22872       288844    0    0     0     0 13936 43391  28   5  66   0   0   0
   1    0            0      7262664        22872       288852    0    0     0     0 11511 29131  28   4  68   0   0   0
   1    0            0      7261176        22872       288852    0    0     0   104 11993 30047  27   5  67   0   0   0
   2    0            0      7260084        22872       288856    0    0     0     0 13931 39965  28   5  67   0   0   0
   0    0            0      7344944        22872       288860    0    0     0     0 11753 33016  24   4  72   0   0   0
   2    0            0      7294168        22872       288872    0    0     0     0 8489 24367  19   4  76   0   0   0
   1    0            0      7291264        22872       288876    0    0     0     0 14376 45339  29   5  66   0   0   0
   1    0            0      7281964        22872       288880    0    0     0     0 14053 41633  28   6  66   0   0   0
   1    0            0      7262956        22872       288880    0    0     0     0 14495 41121  28   5  66   0   0   0
   1    0            0      7261616        22872       288884    0    0     0     0 12987 35230  28   5  67   0   0   0
   1    0            0      7260376        22872       288884    0    0     0     0 13737 37305  28   5  67   0   0   0
   1    0            0      7258980        22872       288888    0    0     0     0 14259 42149  29   4  67   0   0   0
--procs-- -----------------------memory---------------------- ---swap-- -----io---- -system-- ----------cpu----------
   r    b         swpd         free         buff        cache   si   so    bi    bo   in   cs  us  sy  id  wa  st  gu
   1    0            0      7257580        22872       288892    0    0     0    28 14310 40481  29   5  67   0   0   0
   1    0            0      7256404        22872       288892    0    0     0     0 14361 42202  29   5  66   0   0   0
   1    0            0      7254500        22872       288896    0    0     0     0 13663 38723  28   5  67   0   0   0
   1    0            0      7254648        22872       288896    0    0     0     0 13377 36430  29   5  66   0   0   0
   0    0            0      7325248        22872       288948    0    0     0     0 5642 13358  16   3  81   0   0   0
   1    0            0      7280996        22872       288948    0    0     0     4 13582 39174  28   5  66   0   0   0
   3    0            0      7264548        22876       288980    0    0     0     8 13981 45049  34   9  57   0   0   0
   3    0            0      7259400        22888       288988    0    0     0    84 13949 39950  28   5  67   0   0   0
   1    0            0      7253380        22888       288988    0    0     0     0 13211 35612  28   4  67   0   0   0
   1    0            0      7254072        22888       288996    0    0     0     0 12855 32873  28   5  67   0   0   0
   1    0            0      7255028        22888       288996    0    0     0     0 11933 29905  28   4  67   0   0   0
   2    0            0      7255692        22888       289000    0    0     0     0 12146 30313  27   5  68   0   0   0
   1    0            0      7255840        22888       289004    0    0     0     0 12311 31789  28   4  68   0   0   0
   1    0            0      7255208        22888       289004    0    0     0     0 13713 36952  27   6  67   0   0   0
   1    0            0      7254264        22888       289008    0    0     0     0 13909 38828  28   5  67   0   0   0
   1    0            0      7252956        22888       289008    0    0     0     0 13053 34892  28   4  68   0   0   0
   1    0            0      7301736        22888       289024    0    0     0    16 6293 17548  16   3  81   0   0   0
   1    0            0      7292984        22888       289028    0    0     0     0 15166 47646  29   6  65   0   0   0
   2    0            0      7277788        22888       289032    0    0     0     0 13124 35446  28   5  67   0   0   0
   1    0            0      7257484        22888       289032    0    0     0     0 12883 34305  28   5  67   0   0   0
   3    0            0      7256140        22888       289040    0    0     0     0 11787 30188  28   5  68   0   0   0
--procs-- -----------------------memory---------------------- ---swap-- -----io---- -system-- ----------cpu----------
   r    b         swpd         free         buff        cache   si   so    bi    bo   in   cs  us  sy  id  wa  st  gu
   3    0            0      7255468        22888       289040    0    0     0    88 13672 37487  28   5  67   0   0   0
   1    0            0      7254736        22888       289044    0    0     0     0 14249 42036  29   5  67   0   0   0
   1    0            0      7253844        22888       289044    0    0     0     0 14958 46469  28   6  66   0   0   0
   1    0            0      7252224        22888       289044    0    0     0     0 13704 38653  28   5  67   0   0   0
   1    0            0      7250424        22888       289052    0    0     0     0 13144 35015  28   5  67   0   0   0
   3    0            0      7249228        22888       289052    0    0     0    16 14201 40557  27   6  67   0   0   0
   0    0            0      7340568        22888       289056    0    0     0     0 8055 19803  19   3  78   0   0   0
   1    0            0      7277976        22888       289068    0    0     0     0 11491 32764  26   5  70   0   0   0
   1    0            0      7277728        22888       289072    0    0     0     0 14129 43600  29   6  65   0   0   0
   1    0            0      7270756        22888       289080    0    0     0     0 13566 39641  29   5  67   0   0   0
   1    0            0      7254744        22888       289080    0    0     0     0 14339 42762  28   5  67   0   0   0
   1    0            0      7254040        22888       289080    0    0     0     0 13769 38113  28   5  67   0   0   0
   1    0            0      7251660        22888       289084    0    0     0     0 13541 37825  28   5  67   0   0   0
   1    0            0      7250036        22888       289084    0    0     0     0 12745 34085  28   4  68   0   0   0
   1    0            0      7248188        22888       289088    0    0     0     0 12295 31774  28   4  68   0   0   0
   1    0            0      7247044        22888       289088    0    0     0  2340 14645 43717  29   5  66   0   0   0
   1    0            0      7245612        22896       289096    0    0     0    52 13023 34454  28   4  68   0   0   0
   3    0            0      7244212        22896       289096    0    0     0    76 14327 40711  29   4  67   0   0   0
   1    0            0      7300344        22896       289116    0    0     0     0 6460 18556  15   3  81   0   0   0
   1    0            0      7293480        22896       289128    0    0     0     0 13948 40099  28   6  66   0   0   0
   1    0            0      7269768        22896       289132    0    0     0  1540 14282 40833  28   5  67   0   0   0
--procs-- -----------------------memory---------------------- ---swap-- -----io---- -system-- ----------cpu----------
   r    b         swpd         free         buff        cache   si   so    bi    bo   in   cs  us  sy  id  wa  st  gu
   1    0            0      7252436        22896       289132    0    0     0     0 14473 40554  28   5  67   0   0   0
   3    0            0      7251508        22896       289136    0    0     0     0 13290 36817  28   5  67   0   0   0
   1    0            0      7249696        22896       289136    0    0     0     0 14049 41559  28   5  66   0   0   0
   1    0            0      7248040        22896       289140    0    0     0     0 12950 34314  28   5  67   0   0   0
   1    0            0      7246612        22896       289140    0    0     0    12 13476 35640  28   5  67   0   0   0
   1    0            0      7244232        22896       289144    0    0     0     0 12746 33096  28   5  67   0   0   0
   1    0            0      7242888        22896       289144    0    0     0     0 12907 33499  28   5  67   0   0   0
   1    0            0      7241680        22896       289152    0    0     0     0 13537 37264  28   5  67   0   0   0
   0    0            0      7344048        22896       289156    0    0     0     0 11863 35832  24   5  71   0   0   0
   1    0            0      7291672        22896       289168    0    0     0    88 8997 29732  20   4  76   0   0   0
   1    0            0      7291816        22900       289172    0    0     0     0 14653 45867  28   5  66   0   0   0
   1    0            0      7276024        22900       289176    0    0     0     0 13387 36460  28   5  66   0   0   0
   1    0            0      7256732        22900       289176    0    0     0     0 13775 38919  28   5  67   0   0   0
   1    0            0      7255808        22900       289180    0    0     0     0 13547 39415  28   5  66   0   0   0
   2    0            0      7254660        22900       289180    0    0     0     0 13549 37949  28   4  67   0   0   0
   1    0            0      7253008        22900       289184    0    0     0     0 13897 39042  29   5  67   0   0   0
   3    0            0      7251608        22900       289184    0    0     0     0 14176 37808  28   5  67   0   0   0
   1    0            0      7250180        22900       289188    0    0     0     0 13552 36465  28   6  67   0   0   0
   1    0            0      7250144        22900       289188    0    0     0     0 13896 38265  28   5  67   0   0   0
   3    0            0      7251204        22900       289196    0    0     0     0 14167 42503  28   6  66   0   0   0
   0    0            0      7307456        22900       289204    0    0     0    16 5854 14019  16   3  81   0   0   0
--procs-- -----------------------memory---------------------- ---swap-- -----io---- -system-- ----------cpu----------
   r    b         swpd         free         buff        cache   si   so    bi    bo   in   cs  us  sy  id  wa  st  gu
   1    0            0      7266764        22900       289212    0    0     0     0 14183 42772  28   5  67   0   0   0
   1    0            0      7275520        22900       289248    0    0     0     0 14527 45881  28   6  65   0   0   0
   1    0            0      7266056        22900       289248    0    0     0     0 13172 36671  28   5  67   0   0   0
   1    0            0      7256116        22900       289256    0    0     0     0 13104 37103  28   5  67   0   0   0
   1    0            0      7255444        22900       289256    0    0     0     0 13685 39728  29   4  67   0   0   0
   1    0            0      7254684        22908       289256    0    0     0    56 14409 43691  28   5  67   0   0   0
   1    0            0      7253344        22908       289260    0    0     0     0 12438 32893  28   5  68   0   0   0
   1    0            0      7251780        22908       289260    0    0     0     0 13117 34257  28   5  67   0   0   0
   1    0            0      7250040        22908       289268    0    0     0     0 14056 39687  28   5  67   0   0   0
   3    0            0      7249308        22908       289268    0    0     0    32 14515 42942  29   5  66   0   0   0
   1    0            0      7248436        22908       289272    0    0     0     0 13920 40072  28   5  67   0   0   0
   1    0            0      7294152        22908       289284    0    0     0     0 6759 22520  15   4  81   0   0   0
   1    0            0      7278732        22908       289304    0    0     0     0 15123 49086  29   6  66   0   0   0
   1    0            0      7266500        22908       289304    0    0     0     0 14165 38967  28   6  66   0   0   0
   4    0            0      7253164        22908       289304    0    0     0     0 14408 41325  28   6  66   0   0   0
   1    0            0      7252524        22908       289308    0    0     0     0 14706 43679  28   5  67   0   0   0
   1    0            0      7251184        22908       289312    0    0     0     0 13229 35123  28   5  67   0   0   0
   1    0            0      7249588        22908       289312    0    0     0     0 13185 34698  29   5  67   0   0   0
   1    0            0      7248128        22908       289316    0    0     0     0 14511 43815  29   5  66   0   0   0
   1    0            0      7246196        22908       289320    0    0     0    24 14175 41098  28   5  67   0   0   0
   2    0            0      7245048        22908       289320    0    0     0     0 13726 37860  28   5  67   0   0   0
--procs-- -----------------------memory---------------------- ---swap-- -----io---- -system-- ----------cpu----------
   r    b         swpd         free         buff        cache   si   so    bi    bo   in   cs  us  sy  id  wa  st  gu
   1    0            0      7246684        22908       289324    0    0     0     0 13880 39734  28   5  66   0   0   0
   0    0            0      7329400        22908       289332    0    0     0     0 8625 23164  18   3  78   0   0   0
   2    0            0      7275588        22908       289340    0    0     0     0 11601 37043  25   6  69   0   0   0
   1    0            0      7269880        22908       289344    0    0     0    84 14408 45020  28   6  66   0   0   0
   1    0            0      7265384        22908       289352    0    0     0     0 12482 32808  28   4  68   0   0   0
   2    0            0      7247164        22908       289352    0    0     0     0 13933 38648  29   5  66   0   0   0
   3    0            0      7246652        22908       289352    0    0     0     0 14621 44162  29   4  67   0   0   0
   1    0            0      7245952        22908       289356    0    0     0     0 14256 42161  28   5  67   0   0   0
   1    0            0      7244804        22908       289360    0    0     0     8 13330 36916  28   4  68   0   0   0
   1    0            0      7243912        22908       289364    0    0     0     0 13570 37190  28   5  67   0   0   0
   1    0            0      7242544        22908       289364    0    0     0     0 13368 37004  28   4  67   0   0   0
   1    0            0      7241172        22908       289364    0    0     0     0 13730 38810  28   5  67   0   0   0
   1    0            0      7241404        22908       289368    0    0     0     0 14973 45641  29   5  66   0   0   0
   1    0            0      7299200        22908       289388    0    0     0     0 6619 22058  16   4  80   0   0   0
   1    0            0      7305172        22920       289400    0    0     0    72 14678 46741  29   7  64   0   0   0
   2    0            0      7277032        22920       289400    0    0     0    60 14680 42965  28   6  66   0   0   0
   1    0            0      7258808        22920       289400    0    0     0     0 13203 34814  29   5  66   0   0   0
   1    0            0      7257884        22936       289404    0    0     0   824 14450 43320  29   5  66   0   0   0
   1    0            0      7256932        22936       289404    0    0     0     0 14699 45098  29   5  66   0   0   0
   1    0            0      7255028        22936       289416    0    0     0     0 14506 44485  29   5  66   0   0   0
   1    0            0      7253376        22936       289416    0    0     0     0 14346 41145  29   5  66   0   0   0
--procs-- -----------------------memory---------------------- ---swap-- -----io---- -system-- ----------cpu----------
   r    b         swpd         free         buff        cache   si   so    bi    bo   in   cs  us  sy  id  wa  st  gu
   1    0            0      7251976        22936       289416    0    0     0     0 14352 43931  29   5  66   0   0   0
   3    0            0      7249820        22936       289424    0    0     0     0 13758 39592  29   5  66   0   0   0
   1    0            0      7248896        22936       289424    0    0     0     0 13903 40941  28   6  66   0   0   0
   0    0            0      7333776        22944       289436    0    0     0    32 12483 36939  24   5  70   0   0   0
   1    0            0      7278588        22944       289448    0    0     0     0 8913 30214  20   4  76   0   0   0
   3    0            0      7287072        22944       289456    0    0     0     4 14749 46967  28   6  66   0   0   0
   2    0            0      7276664        22944       289456    0    0     0     0 13543 37575  28   5  66   0   0   0
   1    0            0      7258408        22944       289460    0    0     0     0 13036 34453  28   5  67   0   0   0
   1    0            0      7256336        22944       289460    0    0     0     8 11760 28819  28   4  68   0   0   0
   3    0            0      7254904        22944       289468    0    0     0     0 13413 35547  28   5  67   0   0   0
   1    0            0      7252808        22952       289468    0    0     0    76 13325 37851  28   5  67   0   0   0
   1    0            0      7251404        22952       289468    0    0     0     0 13340 36869  28   5  67   0   0   0
   3    0            0      7250672        22952       289472    0    0     0     0 14819 48242  29   5  66   0   0   0
   3    0            0      7249500        22952       289472    0    0     0    96 14477 43997  29   5  66   0   0   0
   1    0            0      7248800        22952       289476    0    0     0     0 14637 44560  28   5  67   0   0   0
   0    0            0      7311428        22952       289484    0    0     0     0 6653 18467  16   3  81   0   0   0
   1    0            0      7270924        22952       289496    0    0     0     0 13513 40147  27   5  67   0   0   0
   1    0            0      7269528        22952       289500    0    0     0     0 14701 44945  28   6  66   0   0   0
   1    0            0      7261100        22952       289500    0    0     0     0 12962 34981  28   5  67   0   0   0
   1    0            0      7249840        22952       289508    0    0     0     0 13832 38359  28   4  67   0   0   0
   2    0            0      7248884        22952       289508    0    0     0     0 13407 36633  28   5  67   0   0   0
--procs-- -----------------------memory---------------------- ---swap-- -----io---- -system-- ----------cpu----------
   r    b         swpd         free         buff        cache   si   so    bi    bo   in   cs  us  sy  id  wa  st  gu
   1    0            0      7246820        22952       289508    0    0     0     0 13530 38684  28   5  67   0   0   0
   2    0            0      7245448        22952       289512    0    0     0     0 13043 35494  28   5  67   0   0   0
   1    0            0      7243764        22952       289512    0    0     0    12 12061 31808  28   4  68   0   0   0
   1    0            0      7242588        22952       289520    0    0     0     0 13602 38796  28   5  67   0   0   0
   1    0            0      7241132        22952       289520    0    0     0     0 14367 43363  29   5  67   0   0   0
   1    0            0      7241256        22952       289520    0    0     0     0 12612 33600  28   5  67   0   0   0
   3    0            0      7298548        22952       289536    0    0     0    12 5911 16909  14   3  82   0   0   0
   1    0            0      7295300        22952       289544    0    0     0     4 14200 44000  28   6  66   0   0   0
   1    0            0      7279564        22952       289548    0    0     0     0 13311 37077  28   5  67   0   0   0
   1    0            0      7256492        22952       289548    0    0     0  1928 14249 40330  28   5  67   0   0   0
   3    0            0      7259092        22952       289556    0    0     0     0 13927 40241  28   5  67   0   0   0
   1    0            0      7261516        22952       289556    0    0     0     0 13614 40663  28   5  67   0   0   0
   3    0            0      7262524        22952       289556    0    0     0     0 12959 34816  28   5  67   0   0   0
   1    0            0      7262832        22952       289560    0    0     0    16 12888 35640  27   5  67   0   0   0
   1    0            0      7263668        22952       289560    0    0     0     0 13726 37413  29   4  67   0   0   0
   3    0            0      7263164        22952       289572    0    0     0     0 13300 37126  28   5  67   0   0   0
   1    0            0      7262568        22952       289572    0    0     0     0 13282 37185  28   5  68   0   0   0
   0    0            0      7331324        22952       289572    0    0     0     0 8931 24513  19   4  77   0   0   0
   3    0            0      7284480        22952       289588    0    0     0    16 10160 27230  23   5  72   0   0   0
   2    0            0      7263032        22964       289592    0    0     0    76 14010 43241  28   5  67   0   0   0
   1    0            0      7251608        22964       289600    0    0     0     8 13040 34983  28   5  67   0   0   0
--procs-- -----------------------memory---------------------- ---swap-- -----io---- -system-- ----------cpu----------
   r    b         swpd         free         buff        cache   si   so    bi    bo   in   cs  us  sy  id  wa  st  gu
   1    0            0      7239824        22964       289600    0    0     0     0 13370 36425  28   5  68   0   0   0
   1    0            0      7242624        22964       289600    0    0     0     0 12797 35150  28   5  68   0   0   0
   1    0            0      7245060        22964       289604    0    0     0    80 13466 38166  28   4  68   0   0   0
   4    0            0      7247084        22964       289604    0    0     0     0 12689 33894  28   5  68   0   0   0
   1    0            0      7248212        22964       289608    0    0     0     0 12136 32324  27   5  68   0   0   0
   1    0            0      7249712        22964       289608    0    0     0     0 12195 32841  28   5  68   0   0   0
   1    0            0      7249492        22964       289612    0    0     0     0 13007 35061  28   4  68   0   0   0
   1    0            0      7248860        22964       289612    0    0     0    16 11047 27841  27   5  68   0   0   0
   1    0            0      7304756        22964       289672    0    0     0     0 5090 13310  15   3  83   0   0   0
   2    0            0      7302792        22964       289672    0    0     0     0 14446 46646  28   6  66   0   0   0
   1    0            0      7273928        22964       289680    0    0     0     0 14153 42697  28   5  67   0   0   0
   1    0            0      7262728        22964       289680    0    0     0     0 12531 32873  28   4  68   0   0   0
   1    0            0      7252632        22964       289684    0    0     0     0 10074 24089  27   5  68   0   0   0
   3    0            0      7255776        22964       289684    0    0     0     0 13213 35708  28   4  68   0   0   0
   1    0            0      7257860        22964       289692    0    0     0     0 13741 40623  28   5  67   0   0   0
   3    0            0      7259216        22964       289692    0    0     0     0 13960 41251  28   5  66   0   0   0
   3    0            0      7260764        22964       289692    0    0     0     0 11532 29546  27   4  68   0   0   0
   1    0            0      7262212        22964       289696    0    0     0    16 12574 33138  28   4  68   0   0   0
   3    0            0      7262124        22964       289696    0    0     0     0 11532 28426  27   5  68   0   0   0
   0    0            0      7329384        22964       289712    0    0     0     0 11907 29767  26   4  70   0   0   0
   1    0            0      7282384        22964       289716    0    0     0     0 7464 24358  18   4  79   0   0   0
--procs-- -----------------------memory---------------------- ---swap-- -----io---- -system-- ----------cpu----------
   r    b         swpd         free         buff        cache   si   so    bi    bo   in   cs  us  sy  id  wa  st  gu
   2    0            0      7266492        22964       289728    0    0     0     0 13700 41042  28   6  67   0   0   0
   1    0            0      7249748        22964       289728    0    0     0     0 13228 35401  27   5  67   0   0   0
   1    0            0      7236640        22964       289728    0    0     0     0 12908 33020  28   4  67   0   0   0
   1    0            0      7240196        22964       289732    0    0     0     0 13964 40915  29   5  67   0   0   0
   1    0            0      7242660        22964       289732    0    0     0     0 13070 36118  28   5  67   0   0   0
   1    0            0      7244608        22964       289740    0    0     0     0 12848 34342  28   4  68   0   0   0
   1    0            0      7246852        22964       289740    0    0     0    28 13339 36117  28   5  67   0   0   0
   2    0            0      7248136        22964       289744    0    0     0     0 12521 34158  28   5  68   0   0   0
   1    0            0      7249864        22972       289744    0    0     0   136 13472 36791  28   5  68   0   0   0
   1    0            0      7249648        22972       289748    0    0     0     0 13463 39188  28   5  67   0   0   0
   1    0            0      7310508        22972       289764    0    0     0     0 7430 20669  17   3  80   0   0   0
   1    0            0      7286656        22972       289768    0    0     0    88 12132 34444  25   6  69   0   0   0
   1    0            0      7267816        22972       289776    0    0     0     0 14383 45393  28   6  66   0   0   0
   3    0            0      7259416        22972       289776    0    0     0     0 12977 35411  28   5  67   0   0   0
   1    0            0      7251540        22972       289780    0    0     0     0 13370 35581  28   5  67   0   0   0
   1    0            0      7254072        22972       289780    0    0     0     0 13192 35652  28   5  67   0   0   0
   1    0            0      7256112        22972       289784    0    0     0     0 12182 32691  28   4  68   0   0   0
   3    0            0      7257368        22972       289784    0    0     0     0 12019 31404  28   5  68   0   0   0
   1    0            0      7258912        22972       289788    0    0     0     0 13326 37318  28   5  67   0   0   0
   1    0            0      7259452        22972       289788    0    0     0     0 13298 40540  28   5  67   0   0   0
   1    0            0      7259072        22972       289792    0    0     0     0 13801 39931  28   5  67   0   0   0
--procs-- -----------------------memory---------------------- ---swap-- -----io---- -system-- ----------cpu----------
   r    b         swpd         free         buff        cache   si   so    bi    bo   in   cs  us  sy  id  wa  st  gu
   2    0            0      7258980        22972       289792    0    0     0     0 13082 36905  28   5  67   0   0   0
   1    0            0      7296864        22972       289812    0    0     0    16 6135 18194  15   4  82   0   0   0
   1    0            0      7291384        22976       289808    0    0     0     0 14359 44864  28   6  66   0   0   0
   1    0            0      7270188        22976       289820    0    0     0     0 13855 41359  28   5  67   0   0   0
   3    0            0      7259464        22976       289820    0    0     0     0 12630 32857  28   5  67   0   0   0
   1    0            0      7258336        22976       289820    0    0     0     0 13529 39073  28   5  67   0   0   0
   1    0            0      7260544        22976       289824    0    0     0     0 11226 28108  28   4  68   0   0   0
   1    0            0      7262064        22976       289828    0    0     0     0 11225 27153  27   5  68   0   0   0
   1    0            0      7263512        22976       289836    0    0     0     0 12991 35359  28   5  68   0   0   0
   1    0            0      7264320        22976       289836    0    0     0     0 12477 32195  28   5  67   0   0   0
   1    0            0      7264008        22976       289836    0    0     0     0 12115 32374  28   4  67   0   0   0
   1    0            0      7263536        22976       289844    0    0     0    16 13188 36253  28   5  68   0   0   0
   0    0            0      7348056        22976       289848    0    0     0     0 10314 27319  22   4  74   0   0   0
   1    0            0      7297796        22976       289860    0    0     0     0 8195 21469  21   4  75   0   0   0
   1    0            0      7295504        22976       289864    0    0     0     0 12887 36887  27   6  67   0   0   0
   1    0            0      7273468        22976       289868    0    0     0     0 12855 34001  27   5  68   0   0   0
   1    0            0      7252448        22976       289868    0    0     0     0 12785 33921  28   4  67   0   0   0
   1    0            0      7255752        22984       289872    0    0     0    52 11793 30282  27   5  68   0   0   0
   1    0            0      7258080        22984       289872    0    0     0     0 12428 32463  27   5  68   0   0   0
   1    0            0      7260488        22984       289876    0    0     0     0 13473 39644  28   4  68   0   0   0
   1    0            0      7262312        22984       289876    0    0     0     0 13202 37582  27   5  68   0   0   0
--procs-- -----------------------memory---------------------- ---swap-- -----io---- -system-- ----------cpu----------
   r    b         swpd         free         buff        cache   si   so    bi    bo   in   cs  us  sy  id  wa  st  gu
   1    0            0      7263320        22984       289880    0    0     0    32 13105 35737  28   5  67   0   0   0
   1    0            0      7263776        22984       289880    0    0     0     0 12843 33455  27   5  68   0   0   0
   1    0            0      7263148        22984       289884    0    0     0     0 13626 37948  27   5  67   0   0   0
   2    0            0      7300168        22984       289908    0    0     0     0 5261 12751  15   3  83   0   0   0
   1    0            0      7272372        22984       289920    0    0     0     0 14019 44888  28   6  66   0   0   0
   3    0            0      7267544        22984       289924    0    0     0    88 14756 51121  29   6  66   0   0   0
   1    0            0      7254228        22984       289928    0    0     0     0 13974 41928  28   5  66   0   0   0
   1    0            0      7256956        22984       289928    0    0     0     0 13164 35819  27   6  67   0   0   0
   2    0            0      7259200        22984       289928    0    0     0     0 13716 39446  28   5  67   0   0   0
   1    0            0      7261700        22984       289936    0    0     0     0 13245 36953  28   5  67   0   0   0
   1    0            0      7262576        22984       289936    0    0     0    12 12818 35199  27   6  67   0   0   0
   1    0            0      7264516        22984       289936    0    0     0     0 12780 35991  28   4  68   0   0   0
   2    0            0      7264776        22984       289944    0    0     0     0 13509 38434  28   4  67   0   0   0
   1    0            0      7264652        22984       289944    0    0     0     0 13795 40128  28   5  67   0   0   0
   1    0            0      7263164        22984       289944    0    0     0     0 13995 40999  28   5  66   0   0   0
   1    0            0      7291140        22988       289960    0    0     0     0 6240 20479  15   3  82   0   0   0
   1    0            0      7280608        22988       289964    0    0     0     4 14439 45414  29   5  66   0   0   0
   1    0            0      7264820        22988       289968    0    0     0     0 13336 38671  28   5  67   0   0   0
   1    0            0      7252020        22988       289972    0    0     0     0 14123 42894  28   5  67   0   0   0
   2    0            0      7253192        22988       289980    0    0     0     0 13117 35625  28   5  68   0   0   0
   1    0            0      7255468        22988       289980    0    0     0     0 13291 37417  28   5  68   0   0   0
--procs-- -----------------------memory---------------------- ---swap-- -----io---- -system-- ----------cpu----------
   r    b         swpd         free         buff        cache   si   so    bi    bo   in   cs  us  sy  id  wa  st  gu
   1    0            0      7256912        22988       289980    0    0     0     0 12737 34055  28   5  68   0   0   0
   1    0            0      7258420        22988       289984    0    0     0     0 12629 33997  28   5  68   0   0   0
   1    0            0      7259392        22988       289984    0    0     0     0 9310 20698  28   4  69   0   0   0
   1    0            0      7259236        22988       289988    0    0     0     0 11508 29633  28   5  68   0   0   0
   1    0            0      7258888        22988       289988    0    0     0     0 12371 32441  28   4  68   0   0   0
   0    0            0      7342876        22988       290004    0    0     0    16 8520 23168  18   3  79   0   0   0
   1    0            0      7287016        22996       290008    0    0     0   100 9947 25798  24   5  71   0   0   0
   1    0            0      7262096        23000       290016    0    0     0     0 14053 41398  28   6  66   0   0   0
   1    0            0      7253024        23000       290016    0    0     0     0 14184 42391  28   6  66   0   0   0
   3    0            0      7242896        23000       290016    0    0     0     0 12929 34933  28   5  67   0   0   0
   2    0            0      7245772        23000       290024    0    0     0     8 13127 36549  28   4  67   0   0   0
   1    0            0      7247288        23000       290024    0    0     0     0 13482 38421  28   5  67   0   0   0
   1    0            0      7249524        23000       290024    0    0     0     0 11582 29649  28   5  68   0   0   0
   1    0            0      7251224        23000       290028    0    0     0     0 12857 34399  28   5  67   0   0   0
   1    0            0      7252796        23000       290028    0    0     0     0 13234 36222  28   5  67   0   0   0
   1    0            0      7252672        23000       290032    0    0     0   108 14313 42270  28   4  68   0   0   0
   1    0            0      7252228        23000       290032    0    0     0     0 13604 39641  28   5  66   0   0   0
   2    0            0      7304900        23000       290084    0    0     0     0 5896 17078  15   3  82   0   0   0
   1    0            0      7288272        23000       290084    0    0     0     0 13925 42055  28   6  66   0   0   0
   1    0            0      7266600        23000       290092    0    0     0     0 13954 42754  28   5  67   0   0   0
   1    0            0      7256436        23000       290092    0    0     0     0 13569 38919  28   5  67   0   0   0
--procs-- -----------------------memory---------------------- ---swap-- -----io---- -system-- ----------cpu----------
   r    b         swpd         free         buff        cache   si   so    bi    bo   in   cs  us  sy  id  wa  st  gu
   4    0            0      7254328        23000       290092    0    0     0     0 13060 34674  28   5  67   0   0   0
   1    0            0      7256724        23000       290100    0    0     0     0 13209 35749  28   5  67   0   0   0
   3    0            0      7258872        23000       290100    0    0     0     0 13248 37741  28   5  67   0   0   0
   1    0            0      7260016        23000       290100    0    0     0     0 12723 35554  28   5  67   0   0   0
   1    0            0      7261716        23000       290104    0    0     0    16 11999 30234  28   4  68   0   0   0
   1    0            0      7261636        23000       290104    0    0     0     0 12969 34579  28   5  67   0   0   0
   3    0            0      7261572        23000       290112    0    0     0     0 13288 35762  28   5  68   0   0   0
   0    0            0      7343480        23000       290116    0    0     0     0 10900 28444  25   4  71   0   0   0
   2    0            0      7301032        23000       290132    0    0     0     0 7963 23173  18   4  78   0   0   0
   1    0            0      7292884        23000       290136    0    0     0     0 14061 42827  27   6  67   0   0   0
   2    0            0      7277680        23000       290140    0    0     0     0 13219 36324  28   5  67   0   0   0
   3    0            0      7256544        23000       290140    0    0     0     0 13092 34636  28   5  68   0   0   0
   1    0            0      7259132        23000       290144    0    0     0     0 12860 36046  28   5  68   0   0   0
   1    0            0      7261524        23000       290144    0    0     0     0 12737 35355  28   4  68   0   0   0
   1    0            0      7262504        23000       290148    0    0     0     8 12616 32042  27   5  68   0   0   0
   1    0            0      7264140        23008       290148    0    0     0    64 12487 33311  28   4  67   0   0   0
   1    0            0      7265236        23008       290156    0    0     0     0 13435 37464  28   5  67   0   0   0
   2    0            0      7264636        23008       290156    0    0     0     0 13159 37285  27   5  67   0   0   0
   1    0            0      7264132        23008       290156    0    0     0     0 13293 35970  28   5  67   0   0   0
   1    0            0      7306560        23008       290176    0    0     0     0 6639 17225  17   3  80   0   0   0
   1    0            0      7303880        23008       290180    0    0     0    16 4637 9396  23   2  74   0   0   0
--procs-- -----------------------memory---------------------- ---swap-- -----io---- -system-- ----------cpu----------
   r    b         swpd         free         buff        cache   si   so    bi    bo   in   cs  us  sy  id  wa  st  gu
   1    0            0      7302052        23008       290192    0    0     0     0 4970 10202  25   2  73   0   0   0
   1    0            0      7297076        23008       290192    0    0     0     0 4967 10408  25   2  73   0   0   0
   1    0            0      7292832        23008       290192    0    0     0     0 5092 10303  25   2  73   0   0   0
   1    0            0      7288724        23008       290196    0    0     0     0 5152 10454  25   2  73   0   0   0
   1    0            0      7288576        23008       290196    0    0     0    76 5217 10487  25   2  73   0   0   0
   1    0            0      7286812        23008       290200    0    0     0     0 5291 10606  25   2  73   0   0   0
   1    0            0      7285164        23008       290200    0    0     0     0 5195 10605  25   2  73   0   0   0
   1    0            0      7283408        23008       290204    0    0     0     0 5251 10920  25   2  73   0   0   0
   1    0            0      7281612        23008       290204    0    0     0     0 5199 10719  25   2  73   0   0   0
   1    0            0      7278684        23008       290216    0    0     0    32 5362 10819  25   2  73   0   0   0
   1    0            0      7316164        23008       290228    0    0     0     0 2637 4622  14   2  84   0   0   0
   1    0            0      7322672        23012       290236    0    0     0     0 5001 10088  25   2  73   0   0   0
   1    0            0      7311992        23012       290236    0    0     0     0 5021 10215  25   2  73   0   0   0
   2    0            0      7296212        23012       290240    0    0     0     0 5380 10674  26   3  71   0   0   0
   1    0            0      7265296        23024       290384    0    0     0   120 5291 10720  30   4  66   0   0   0
   1    0            0      7274372        23024       290392    0    0     0     0 5225 10672  26   2  73   0   0   0
   1    0            0      7276276        23024       290392    0    0     0     0 5152 10573  25   2  73   0   0   0
   1    0            0      7276784        23024       290396    0    0     0     0 5011 10712  25   2  73   0   0   0
   1    0            0      7277840        23024       290400    0    0     0     0 5017 10535  25   2  73   0   0   0
   1    0            0      7277252        23024       290404    0    0     0    16 5130 10438  25   2  73   0   0   0
   1    0            0      7275600        23024       290404    0    0     0     0 5277 10529  25   2  73   0   0   0
--procs-- -----------------------memory---------------------- ---swap-- -----io---- -system-- ----------cpu----------
   r    b         swpd         free         buff        cache   si   so    bi    bo   in   cs  us  sy  id  wa  st  gu
   0    0            0      7319144        23024       290416    0    0     0     0 3829 7771  18   2  81   0   0   0
   1    0            0      7301352        23032       290420    0    0     0     0 3847 7152  22   2  76   0   0   0
   1    0            0      7308216        23032       290432    0    0     0     0 5023 10081  25   2  73   0   0   0
   1    0            0      7300444        23032       290432    0    0     0     0 4909 10039  25   2  73   0   0   0
   1    0            0      7295564        23032       290432    0    0     0    48 5027 10116  25   2  73   0   0   0
   1    0            0      7294084        23032       290436    0    0     0     0 4971 9875  25   2  73   0   0   0
   1    0            0      7291196        23032       290436    0    0     0     0 4954 10026  25   2  73   0   0   0
   1    0            0      7289116        23032       290440    0    0     0     0 4970 10001  25   2  73   0   0   0
   1    0            0      7287104        23032       290440    0    0     0    12 5054 9895  25   2  73   0   0   0
   2    0            0      7285200        23032       290444    0    0     0     0 5050 10009  25   2  73   0   0   0
   1    0            0      7282336        23032       290444    0    0     0     0 5210 10350  25   2  73   0   0   0
   1    0            0      7279564        23032       290452    0    0     0     0 5113 10170  25   2  73   0   0   0
   1    0            0      7318788        23032       290464    0    0     0     0 2565 4514  14   2  84   0   0   0
   1    0            0      7315972        23032       290472    0    0     0    92 4927 9761  25   2  73   0   0   0
   1    0            0      7306124        23032       290472    0    0     0     0 4939 9943  25   3  73   0   0   0
   1    0            0      7300184        23032       290476    0    0     0     0 4951 9974  25   2  73   0   0   0
   1    0            0      7297928        23032       290476    0    0     0     0 4998 10108  25   3  73   0   0   0
   1    0            0      7295500        23032       290480    0    0     0     0 4887 9854  25   2  73   0   0   0
   1    0            0      7290060        23032       290480    0    0     0     0 4992 9825  26   2  72   0   0   0
   1    0            0      7280088        23036       290500    0    0     0     4 5281 10893  27   3  70   0   0   0
   1    0            0      7280236        23036       290500    0    0     0     0 4996 10109  25   2  73   0   0   0
--procs-- -----------------------memory---------------------- ---swap-- -----io---- -system-- ----------cpu----------
   r    b         swpd         free         buff        cache   si   so    bi    bo   in   cs  us  sy  id  wa  st  gu
   1    0            0      7279512        23036       290500    0    0     0     0 4948 10212  25   2  73   0   0   0
   1    0            0      7277856        23036       290504    0    0     0     0 4927 10135  25   2  73   0   0   0
   0    0            0      7320040        23048       290508    0    0     0  5072 4698 9411  22   2  76   0   0   0
   1    0            0      7311548        23048       290524    0    0     0    24 3040 5502  17   2  81   0   0   0
   1    0            0      7309920        23048       290528    0    0     0     0 5041 10013  25   2  73   0   0   0
   1    0            0      7299744        23048       290528    0    0     0     0 4898 9947  25   2  73   0   0   0
   1    0            0      7296028        23048       290540    0    0     0     0 4870 9950  25   2  73   0   0   0
   1    0            0      7294376        23048       290540    0    0     0     0 4949 10002  25   2  73   0   0   0
   1    0            0      7292004        23048       290540    0    0     0     0 4916 10332  25   2  73   0   0   0
   1    0            0      7289336        23048       290544    0    0     0     0 5077 10177  25   2  73   0   0   0
   1    0            0      7286748        23048       290544    0    0     0     0 4991 9999  25   2  73   0   0   0
   1    0            0      7284532        23048       290548    0    0     0     0 4937 10149  25   2  73   0   0   0
   1    0            0      7282520        23048       290548    0    0     0     0 5066 10144  25   2  73   0   0   0
   1    0            0      7279672        23048       290556    0    0     0    16 5129 10221  25   2  73   0   0   0
   0    0            0      7323396        23048       290588    0    0     0     0 2821 5250  15   2  83   0   0   0
   1    0            0      7311004        23048       290592    0    0     0     0 4736 9510  24   2  74   0   0   0
   1    0            0      7309156        23052       290596    0    0     0     0 5075 10252  25   2  73   0   0   0
   1    0            0      7302564        23052       290600    0    0     0     0 5066 10522  25   2  73   0   0   0
   1    0            0      7297272        23052       290600    0    0     0     0 5062 10453  25   2  73   0   0   0
   1    0            0      7294980        23052       290600    0    0     0     0 5004 10341  25   2  73   0   0   0
   1    0            0      7292552        23052       290604    0    0     0     0 5124 10465  25   2  73   0   0   0
--procs-- -----------------------memory---------------------- ---swap-- -----io---- -system-- ----------cpu----------
   r    b         swpd         free         buff        cache   si   so    bi    bo   in   cs  us  sy  id  wa  st  gu
   1    0            0      7288860        23052       290604    0    0     0     0 5141 10528  26   2  73   0   0   0
   1    0            0      7279024        23052       290644    0    0     0     4 5384 11361  27   4  70   0   0   0
   1    0            0      7277628        23052       290648    0    0     0    24 5045 10728  25   2  73   0   0   0
   2    0            0      7275828        23052       290648    0    0     0     0 4941 10631  25   2  73   0   0   0
   1    0            0      7273764        23052       290648    0    0     0     0 5078 10617  25   2  73   0   0   0
   1    0            0      7310576        23052       290672    0    0     0     0 2665 4606  14   2  84   0   0   0
   1    0            0      7319488        23052       290676    0    0     0     0 5216 10290  25   2  73   0   0   0
   1    0            0      7307372        23052       290680    0    0     0    88 4872 9804  25   2  73   0   0   0
   1    0            0      7297316        23052       290680    0    0     0     0 4975 9972  25   2  73   0   0   0
   1    0            0      7293832        23052       290684    0    0     0     0 5033 10125  25   2  73   0   0   0
   1    0            0      7290460        23052       290684    0    0     0     0 5180 10392  25   2  73   0   0   0
   2    0            0      7287544        23064       290684    0    0     0    96 5043 10331  25   2  73   0   0   0
   3    0            0      7285424        23064       290692    0    0     0   108 5282 10575  25   2  73   0   0   0
   1    0            0      7283088        23064       290692    0    0     0     0 5233 10527  25   2  73   0   0   0
   1    0            0      7280040        23064       290692    0    0     0     0 5350 10713  25   2  72   0   0   0
   1    0            0      7276736        23064       290696    0    0     0     0 5348 10843  25   2  73   0   0   0
   0    0            0      7318560        23064       290704    0    0     0     0 3734 7612  17   2  82   0   0   0
   1    0            0      7308536        23064       290720    0    0     0     0 4016 7577  22   2  76   0   0   0
   1    0            0      7304568        23064       290728    0    0     0     4 5084 10114  25   2  73   0   0   0
   1    0            0      7294824        23064       290732    0    0     0     0 5075 9990  25   2  73   0   0   0
   1    0            0      7292644        23064       290732    0    0     0     0 5188 10461  25   2  73   0   0   0
--procs-- -----------------------memory---------------------- ---swap-- -----io---- -system-- ----------cpu----------
   r    b         swpd         free         buff        cache   si   so    bi    bo   in   cs  us  sy  id  wa  st  gu
   1    0            0      7290692        23064       290732    0    0     0     0 5162 10271  25   2  73   0   0   0
   1    0            0      7287976        23064       290736    0    0     0     0 5172 10539  25   2  73   0   0   0
   2    0            0      7285444        23064       290736    0    0     0     0 5224 10418  25   2  73   0   0   0
   1    0            0      7283404        23064       290744    0    0     0     0 5195 10407  25   2  73   0   0   0
   1    0            0      7280632        23064       290744    0    0     0     0 5215 10333  25   2  73   0   0   0
   1    0            0      7278060        23064       290744    0    0     0     0 5253 10622  25   2  73   0   0   0
   1    0            0      7275552        23064       290748    0    0     0     0 5429 10844  25   2  73   0   0   0
   1    0            0      7312920        23064       290760    0    0     0    32 2707 4780  15   2  84   0   0   0
   1    0            0      7315196        23064       290768    0    0     0     0 4863 10202  25   2  73   0   0   0
   1    0            0      7304260        23064       290768    0    0     0     0 4974 10152  26   1  73   0   0   0
   1    0            0      7295636        23064       290772    0    0     0     0 5105 10163  25   2  73   0   0   0
   1    0            0      7293008        23064       290772    0    0     0  3796 5320 10756  25   2  73   0   0   0
   1    0            0      7290160        23064       290780    0    0     0     8 5269 10617  25   2  73   0   0   0
   1    0            0      7288572        23064       290780    0    0     0     0 5308 10599  25   2  73   0   0   0
   1    0            0      7285696        23064       290780    0    0     0     0 5413 10557  26   2  72   0   0   0
   1    0            0      7283632        23064       290784    0    0     0     0 5259 10649  25   2  73   0   0   0
   1    0            0      7281156        23064       290784    0    0     0     0 5213 10450  25   2  73   0   0   0
   1    0            0      7278152        23064       290788    0    0     0    92 5132 10499  25   2  73   0   0   0
   0    0            0      7319552        23064       290792    0    0     0     0 4596 9312  22   2  77   0   0   0
   1    0            0      7311336        23064       290812    0    0     0     0 3115 5799  18   2  80   0   0   0
   1    0            0      7301824        23068       290816    0    0     0     0 5016 10311  25   2  73   0   0   0
--procs-- -----------------------memory---------------------- ---swap-- -----io---- -system-- ----------cpu----------
   r    b         swpd         free         buff        cache   si   so    bi    bo   in   cs  us  sy  id  wa  st  gu
   1    0            0      7298612        23076       290820    0    0     0    76 4968 10335  25   3  73   0   0   0
   1    0            0      7296056        23076       290820    0    0     0     0 5026 10318  25   2  73   0   0   0
   3    0            0      7292500        23076       290832    0    0     0     0 5010 10143  25   3  73   0   0   0
   1    0            0      7289984        23076       290832    0    0     0     0 5038 10105  25   2  73   0   0   0
   1    0            0      7287128        23076       290832    0    0     0     0 5135 10365  25   2  73   0   0   0
   1    0            0      7284468        23076       290836    0    0     0     0 5197 10321  25   2  73   0   0   0
   2    0            0      7281760        23076       290840    0    0     0    16 5242 10532  25   2  73   0   0   0
   1    0            0      7279172        23076       290844    0    0     0     0 5254 10481  25   2  73   0   0   0
   1    0            0      7276176        23076       290844    0    0     0     0 5345 10660  25   3  72   0   0   0
   0    0            0      7319492        23076       290860    0    0     0     0 2731 5158  14   2  84   0   0   0
   1    0            0      7307404        23076       290860    0    0     0     0 4993 9812  25   2  73   0   0   0
   1    0            0      7299980        23076       290872    0    0     0     0 5039 9949  25   2  73   0   0   0
   1    0            0      7297484        23076       290872    0    0     0     0 5142 10378  25   2  73   0   0   0
   1    0            0      7294568        23076       290872    0    0     0     0 4980 10008  25   2  73   0   0   0
   1    0            0      7291488        23076       290872    0    0     0     0 4947 10110  25   2  73   0   0   0
   1    0            0      7289648        23076       290880    0    0     0     0 4934 10135  25   2  73   0   0   0
   1    0            0      7287036        23076       290880    0    0     0    28 5111 10288  25   2  73   0   0   0
   1    0            0      7283908        23076       290880    0    0     0     0 5114 10232  25   2  73   0   0   0
   1    0            0      7281476        23076       290884    0    0     0     0 5094 10236  25   2  73   0   0   0
   1    0            0      7279216        23076       290884    0    0     0     0 5064 10148  25   3  73   0   0   0
   1    0            0      7277204        23076       290888    0    0     0     0 4942 10175  25   2  73   0   0   0
--procs-- -----------------------memory---------------------- ---swap-- -----io---- -system-- ----------cpu----------
   r    b         swpd         free         buff        cache   si   so    bi    bo   in   cs  us  sy  id  wa  st  gu
   1    0            0      7312780        23076       290900    0    0     0     0 2578 4508  14   2  84   0   0   0
   1    0            0      7309308        23076       290912    0    0     0    12 5074 10248  25   2  73   0   0   0
   1    0            0      7292464        23536       291036    0    0   460     0 5309 10569  26   3  70   2   0   0
   1    0            0      7269600        23536       291144    0    0     0     8 5311 10622  31   4  65   0   0   0
   1    0            0      7275396        23536       291144    0    0     0     0 5099 10333  25   2  73   0   0   0
   1    0            0      7277028        23536       291144    0    0     0     0 5096 10500  25   2  73   0   0   0
   1    0            0      7277156        23536       291148    0    0     0    76 5132 10594  25   3  73   0   0   0
   1    0            0      7276696        23536       291148    0    0     0     0 5267 10637  25   2  73   0   0   0
   1    0            0      7274560        23536       291156    0    0     0     0 5346 10867  25   2  73   0   0   0
   1    0            0      7271916        23548       291160    0    0     0   112 5170 10809  25   2  73   0   0   0
   1    0            0      7270236        23548       291172    0    0     0     0 4943 10331  25   2  73   0   0   0
   1    0            0      7313988        23548       291180    0    0     0    16 3466 6851  16   2  82   0   0   0
   1    0            0      7310860        23548       291188    0    0     0     0 1918 2023  23   1  76   0   0   0
   1    0            0      7307608        23548       291192    0    0     0     0 2195 2566  25   1  74   0   0   0
   1    0            0      7306600        23548       291196    0    0     0     0 2087 2399  25   1  74   0   0   0
   1    0            0      7305320        23548       291196    0    0     0     0 2111 2404  25   1  74   0   0   0
   1    0            0      7304728        23556       291200    0    0     0  4164 2270 2541  25   0  74   1   0   0
   1    0            0      7302088        23556       291200    0    0     0     0 2162 2449  25   1  74   0   0   0
   1    0            0      7303444        23556       291208    0    0     0     0 2168 2509  25   0  74   0   0   0
   1    0            0      7300724        23556       291208    0    0     0     0 2181 2510  25   1  74   0   0   0
   1    0            0      7297104        23556       291212    0    0     0     0 2268 2689  25   1  74   0   0   0
--procs-- -----------------------memory---------------------- ---swap-- -----io---- -system-- ----------cpu----------
   r    b         swpd         free         buff        cache   si   so    bi    bo   in   cs  us  sy  id  wa  st  gu
   1    0            0      7298796        23556       291212    0    0     0    16 2167 2513  25   1  74   0   0   0
   1    0            0      7298424        23556       291220    0    0     0     0 2188 2570  25   1  74   0   0   0
   1    0            0      7311424        23556       291232    0    0     0     0 1462 1420  15   1  85   0   0   0
   1    0            0      7308012        23560       291228    0    0     0     0 2188 2500  25   1  74   0   0   0
   1    0            0      7307004        23560       291244    0    0     0     0 2033 2351  25   1  74   0   0   0
   1    0            0      7307636        23560       291244    0    0     0     0 2121 2501  25   1  74   0   0   0
   1    0            0      7307088        23560       291244    0    0     0     0 2150 2518  25   0  74   0   0   0
   1    0            0      7308424        23560       291248    0    0     0     0 2223 2636  25   1  74   0   0   0
   1    0            0      7308424        23560       291248    0    0     0     0 2161 2516  25   1  74   0   0   0
   3    0            0      7303872        23560       291252    0    0     0     0 2193 2544  25   1  74   0   0   0
   1    0            0      7302944        23560       291252    0    0     0    24 2204 2593  25   1  74   0   0   0
   1    0            0      7302944        23560       291256    0    0     0     0 2187 2554  25   1  74   0   0   0
   1    0            0      7301588        23560       291256    0    0     0     8 2192 2621  25   1  74   0   0   0
   0    0            0      7333408        23560       291276    0    0     0     0 2316 2763  25   1  75   0   0   0
   1    0            0      7308988        23560       291284    0    0     0     0 1355 1267  15   1  84   0   0   0
   1    0            0      7306720        23560       291292    0    0     0    84 2217 2604  25   1  74   0   0   0
   1    0            0      7305208        23560       291292    0    0     0     0 2069 2403  25   0  74   0   0   0
   1    0            0      7305208        23560       291296    0    0     0     0 2067 2330  25   1  74   0   0   0
   1    0            0      7303192        23560       291296    0    0     0     0 2143 2421  25   1  74   0   0   0
   1    0            0      7299248        23568       291300    0    0     0    76 2268 2680  25   1  74   0   0   0
   1    0            0      7299788        23568       291320    0    0     0    88 2213 2547  25   0  74   0   0   0
--procs-- -----------------------memory---------------------- ---swap-- -----io---- -system-- ----------cpu----------
   r    b         swpd         free         buff        cache   si   so    bi    bo   in   cs  us  sy  id  wa  st  gu
   1    0            0      7300612        23568       291324    0    0     0     8 2192 2523  25   1  74   0   0   0
   3    0            0      7300548        23568       291324    0    0     0     0 2190 2542  25   1  74   0   0   0
   1    0            0      7298532        23568       291324    0    0     0     0 2161 2477  25   1  74   0   0   0
   1    0            0      7299004        23568       291328    0    0     0     0 2181 2562  25   1  74   0   0   0
   1    0            0      7346940        23568       291340    0    0     0     0 1610 1863  17   0  83   0   0   0
   1    0            0      7323000        23568       291348    0    0     0     8 1926 1966  23   1  76   0   0   0
   1    0            0      7321076        23568       291356    0    0     0     0 2207 2517  25   1  74   0   0   0
   1    0            0      7320492        23568       291356    0    0     0     0 2078 2448  25   1  74   0   0   0
   1    0            0      7319484        23568       291360    0    0     0     0 2121 2411  25   1  74   0   0   0
   1    0            0      7317592        23568       291360    0    0     0     0 2157 2497  25   0  74   0   0   0
   1    0            0      7317468        23568       291368    0    0     0     0 2159 2558  25   0  75   0   0   0
   1    0            0      7317468        23568       291368    0    0     0     0 2152 2514  25   1  74   0   0   0
   1    0            0      7317468        23568       291368    0    0     0     0 2172 2525  25   0  75   0   0   0
   1    0            0      7312680        23568       291372    0    0     0     0 2199 2595  25   1  74   0   0   0
   1    0            0      7311672        23568       291372    0    0     0     0 2206 2532  26   0  74   0   0   0
   1    0            0      7311672        23568       291380    0    0     0    16 2220 2606  25   1  74   0   0   0
   1    0            0      7323212        23568       291392    0    0     0     0 1491 1505  14   1  85   0   0   0
   1    0            0      7320880        23568       291400    0    0     0     0 2193 2593  25   1  74   0   0   0
   1    0            0      7320880        23568       291400    0    0     0     0 2036 2310  25   1  74   0   0   0
   1    0            0      7318864        23568       291400    0    0     0     0 2085 2428  25   1  74   0   0   0
   1    0            0      7318864        23568       291404    0    0     0     0 2150 2493  25   1  74   0   0   0
--procs-- -----------------------memory---------------------- ---swap-- -----io---- -system-- ----------cpu----------
   r    b         swpd         free         buff        cache   si   so    bi    bo   in   cs  us  sy  id  wa  st  gu
   1    0            0      7318864        23568       291404    0    0     0     0 2120 2418  25   1  74   0   0   0
   1    0            0      7318864        23568       291412    0    0     0     0 2130 2434  25   0  75   0   0   0
   1    0            0      7314832        23568       291412    0    0     0     0 2156 2510  25   0  74   0   0   0
   1    0            0      7314832        23568       291412    0    0     0     0 2201 2571  25   1  74   0   0   0
   1    0            0      7314076        23568       291416    0    0     0    40 2159 2552  25   0  75   0   0   0
   1    0            0      7313068        23568       291416    0    0     0     0 2177 2547  25   1  74   0   0   0
   0    0            0      7357236        23568       291424    0    0     0     0 2265 2682  24   1  75   0   0   0
   1    0            0      7330092        23576       291424    0    0     0    88 1321 1212  16   1  83   0   0   0
   1    0            0      7327424        23580       291444    0    0     0   720 2237 2641  25   1  74   0   0   0
   1    0            0      7326416        23580       291444    0    0     0    88 2084 2408  25   1  74   0   0   0
   1    0            0      7326416        23580       291448    0    0     0     0 2111 2416  25   0  75   0   0   0
   1    0            0      7324400        23580       291448    0    0     0     0 2172 2479  25   1  74   0   0   0
   1    0            0      7324400        23580       291448    0    0     0     0 2164 2516  25   0  75   0   0   0
   1    0            0      7323392        23580       291452    0    0     0     0 2169 2516  25   1  74   0   0   0
   1    0            0      7318352        23580       291456    0    0     0    12 2169 2599  25   0  74   0   0   0
   1    0            0      7318352        23580       291460    0    0     0     0 2230 2642  25   1  74   0   0   0
   1    0            0      7316336        23580       291460    0    0     0     0 2201 2651  25   0  75   0   0   0
   1    0            0      7316336        23580       291460    0    0     0     0 2258 2764  25   1  74   0   0   0
   1    0            0      7348340        23580       291512    0    0     0     0 1678 1923  17   1  83   0   0   0
   1    0            0      7322384        23580       291516    0    0     0     4 1915 1926  23   1  76   0   0   0
   1    0            0      7319692        23580       291524    0    0     0     0 2186 2564  25   1  74   0   0   0
--procs-- -----------------------memory---------------------- ---swap-- -----io---- -system-- ----------cpu----------
   r    b         swpd         free         buff        cache   si   so    bi    bo   in   cs  us  sy  id  wa  st  gu
   1    0            0      7318248        23580       291524    0    0     0     0 1996 2228  25   1  74   0   0   0
   1    0            0      7318100        23580       291524    0    0     0     0 2092 2396  25   0  75   0   0   0
   1    0            0      7316208        23580       291532    0    0     0     0 2092 2378  25   1  74   0   0   0
   1    0            0      7316084        23580       291532    0    0     0     0 2058 2315  25   0  74   0   0   0
   1    0            0      7316084        23580       291532    0    0     0     0 2148 2528  25   0  75   0   0   0
   1    0            0      7316084        23580       291532    0    0     0     0 2186 2581  25   1  74   0   0   0
   1    0            0      7312052        23580       291540    0    0     0     0 2188 2598  25   1  74   0   0   0
   1    0            0      7312052        23580       291540    0    0     0     0 2173 2574  25   0  74   0   0   0
   1    0            0      7312052        23580       291540    0    0     0     0 2178 2570  25   0  74   0   0   0
   1    0            0      7326856        23580       291564    0    0     0    16 1510 1537  15   1  84   0   0   0
   2    0            0      7326512        23580       291564    0    0     0     0 2267 2640  25   1  74   0   0   0
   1    0            0      7289728        23584       291584    0    0     0    12 2770 3189  31   3  66   0   0   0
   1    0            0      7289572        23596       291584    0    0     0   104 2215 2674  25   1  74   0   0   0
   1    0            0      7290344        23596       291596    0    0     0     0 2146 2471  25   1  74   0   0   0
   1    0            0      7293736        23596       291596    0    0     0     8 2162 2463  25   1  74   0   0   0
   1    0            0      7296540        23596       291600    0    0     0     0 2145 2501  25   1  74   0   0   0
   1    0            0      7299012        23596       291600    0    0     0     0 2193 2583  25   1  74   0   0   0
   1    0            0      7300712        23596       291600    0    0     0    80 2189 2535  25   0  75   0   0   0
   1    0            0      7302308        23596       291608    0    0     0     0 2223 2668  25   1  74   0   0   0
   1    0            0      7303388        23596       291608    0    0     0   112 2273 2744  25   1  74   0   0   0
   0    0            0      7344124        23596       291616    0    0     0     0 2360 2839  25   1  75   0   0   0
--procs-- -----------------------memory---------------------- ---swap-- -----io---- -system-- ----------cpu----------
   r    b         swpd         free         buff        cache   si   so    bi    bo   in   cs  us  sy  id  wa  st  gu
   1    0            0      7316616        23596       291624    0    0     0     0 1238  574  23   3  75   0   0   0
   2    0            0      7315720        23596       291628    0    0     0     0 2166  903  46   4  50   0   0   0
   2    0            0      7314888        23596       291628    0    0     0     0 2100  702  46   4  50   0   0   0
   2    0            0      7313648        23596       291628    0    0     0     0 2119  666  45   5  50   0   0   0
   2    0            0      7312500        23596       291636    0    0     0     0 2108  827  46   4  50   0   0   0
   2    0            0      7311100        23596       291636    0    0     0     0 2140  789  46   4  50   0   0   0
   2    0            0      7309984        23596       291636    0    0     0     0 2127  871  46   4  50   0   0   0
   2    0            0      7308136        23596       291644    0    0     0     0 2075  904  46   5  50   0   0   0
   2    0            0      7306864        23596       291644    0    0     0    16 2119  873  45   5  50   0   0   0
   2    0            0      7305336        23596       291648    0    0     0     0 2168  900  45   5  50   0   0   0
   2    0            0      7304632        23596       291648    0    0     0     0 2135  934  45   5  50   0   0   0
   0    0            0      7336000        23596       291656    0    0     0     0 1579  584  30   3  67   0   0   0
   2    0            0      7292876        23596       291664    0    0     0     0 2036 1273  34   4  62   0   0   0
   2    0            0      7289976        23596       291684    0    0     0     0 2845 2348  45   6  49   0   0   0
   2    0            0      7284420        23600       291684    0    0     0     8 2503 1727  45   5  50   0   0   0
   2    0            0      7284016        23600       291688    0    0     0     0 2373 1467  45   5  51   0   0   0
   2    0            0      7283416        23600       291688    0    0     0     0 2326 1477  45   4  51   0   0   0
   2    0            0      7282324        23600       291692    0    0     0     0 2415 1525  44   5  51   0   0   0
   2    0            0      7281312        23600       291692    0    0     0    12 2336 1466  44   5  51   0   0   0
   2    0            0      7281440        23600       291696    0    0     0     0 2354 1529  44   5  51   0   0   0
   2    0            0      7282140        23600       291696    0    0     0     0 2333 1450  44   5  51   0   0   0
--procs-- -----------------------memory---------------------- ---swap-- -----io---- -system-- ----------cpu----------
   r    b         swpd         free         buff        cache   si   so    bi    bo   in   cs  us  sy  id  wa  st  gu
   2    0            0      7282048        23612       291704    0    0     0  5356 2310 1444  44   5  51   0   0   0
   2    0            0      7282208        23612       291704    0    0     0     0 2347 1472  45   5  51   0   0   0
   1    0            0      7296052        23612       291720    0    0     0     0 1341  718  21   3  76   0   0   0
   2    0            0      7294320        23612       291724    0    0     0    12 2585 2047  42   4  53   0   0   0
   2    0            0      7293200        23612       291728    0    0     0     0 2627 1931  44   5  51   0   0   0
   2    0            0      7292108        23612       291728    0    0     0     0 2650 2000  44   5  51   0   0   0
   2    0            0      7290572        23612       291732    0    0     0     0 2705 2094  43   5  52   0   0   0
   2    0            0      7289644        23612       291732    0    0     0     0 2697 1972  44   5  51   0   0   0
   2    0            0      7288300        23612       291736    0    0     0    76 2618 1841  44   4  51   0   0   0
   1    0            0      7287180        23612       291736    0    0     0     0 2558 1858  44   5  51   0   0   0
   2    0            0      7288312        23612       291744    0    0     0     0 2626 2036  44   4  52   0   0   0
   2    0            0      7288536        23612       291744    0    0     0     0 2656 2023  44   4  51   0   0   0
   2    0            0      7288760        23612       291744    0    0     0     0 2598 2034  44   5  51   0   0   0
   2    0            0      7288472        23612       291748    0    0     0    20 2640 2147  43   5  52   0   0   0
   2    0            0      7292268        23612       291764    0    0     0     0 1253  682  20   3  78   0   0   0
   2    0            0      7290924        23612       291764    0    0     0     0 2452 1610  44   5  51   0   0   0
   2    0            0      7289580        23612       291764    0    0     0     0 2314 1477  45   5  51   0   0   0
   1    0            0      7288236        23612       291768    0    0     0     0 2438 1525  45   5  51   0   0   0
   2    0            0      7287116        23612       291768    0    0     0     0 2330 1525  45   4  51   0   0   0
   2    0            0      7285996        23612       291780    0    0     0     0 2477 1569  45   5  51   0   0   0
   2    0            0      7284652        23612       291780    0    0     0     0 2545 1707  44   5  51   0   0   0
--procs-- -----------------------memory---------------------- ---swap-- -----io---- -system-- ----------cpu----------
   r    b         swpd         free         buff        cache   si   so    bi    bo   in   cs  us  sy  id  wa  st  gu
   2    0            0      7283916        23612       291780    0    0     0     0 2572 1675  44   4  52   0   0   0
   2    0            0      7285020        23612       291784    0    0     0     0 2459 1636  44   5  51   0   0   0
   2    0            0      7284892        23612       291784    0    0     0    12 2467 1686  44   5  51   0   0   0
   2    0            0      7285052        23612       291788    0    0     0     0 2497 1733  44   5  51   0   0   0
   0    0            0      7317916        23612       291792    0    0     0     0 2250 1440  37   4  59   0   0   0
   2    0            0      7292268        23612       291812    0    0     0     0 1526  938  27   3  71   0   0   0
   2    0            0      7290924        23612       291812    0    0     0     0 2327 1551  44   5  51   0   0   0
   2    0            0      7289580        23612       291820    0    0     0     0 2384 1479  44   5  51   0   0   0
   2    0            0      7288460        23612       291820    0    0     0     0 2291 1480  44   5  51   0   0   0
   2    0            0      7287404        23620       291820    0    0     0    84 2384 1526  44   5  51   0   0   0
   2    0            0      7285996        23620       291824    0    0     0   112 2477 1645  44   5  51   0   0   0
   1    0            0      7284400        23620       291824    0    0     0     0 2547 1656  45   4  51   0   0   0
   2    0            0      7284300        23620       291828    0    0     0    12 2518 1733  44   5  51   0   0   0
   2    0            0      7285164        23620       291828    0    0     0     0 2449 1566  45   5  51   0   0   0
   2    0            0      7285228        23620       291832    0    0     0     0 2510 1655  44   5  51   0   0   0
   2    0            0      7285132        23620       291832    0    0     0     0 2501 1727  44   4  51   0   0   0
   1    0            0      7323184        23620       291848    0    0     0     0 1678 1083  26   3  71   0   0   0
   2    0            0      7298424        23620       291884    0    0     0    80 2158 1490  37   4  59   0   0   0
   2    0            0      7296860        23620       291888    0    0     0     0 2496 1821  44   5  51   0   0   0
   2    0            0      7295484        23620       291888    0    0     0     0 2523 1725  44   5  51   0   0   0
   2    0            0      7294140        23620       291888    0    0     0     0 2497 1803  44   5  51   0   0   0
--procs-- -----------------------memory---------------------- ---swap-- -----io---- -system-- ----------cpu----------
   r    b         swpd         free         buff        cache   si   so    bi    bo   in   cs  us  sy  id  wa  st  gu
   2    0            0      7293020        23620       291892    0    0     0     0 2466 1802  44   5  51   0   0   0
   2    0            0      7291676        23620       291892    0    0     0     0 2660 1832  43   5  51   0   0   0
   2    0            0      7290556        23620       291900    0    0     0     0 2517 1800  44   4  51   0   0   0
   2    0            0      7290692        23620       291900    0    0     0     0 2490 1835  44   5  51   0   0   0
   2    0            0      7291652        23620       291900    0    0     0     0 2521 1801  44   5  51   0   0   0
   2    0            0      7291844        23620       291904    0    0     0     0 2407 1726  44   5  51   0   0   0
   2    0            0      7291780        23620       291904    0    0     0     0 2369 1497  44   5  51   0   0   0
   2    0            0      7296044        23620       291924    0    0     0    28 1233  658  19   3  79   0   0   0
   2    0            0      7294700        23620       291924    0    0     0     0 2704 2237  43   5  52   0   0   0
   1    0            0      7293356        23620       291932    0    0     0     0 2678 2225  44   5  51   0   0   0
   2    0            0      7292012        23620       291932    0    0     0     0 2635 2229  44   5  52   0   0   0
   2    0            0      7291972        23620       291932    0    0     0     0 2635 2057  44   5  51   0   0   0
   2    0            0      7295068        23620       291944    0    0     0     0 2600 2110  44   4  52   0   0   0
   2    0            0      7293948        23620       291944    0    0     0     0 2595 1889  44   5  51   0   0   0
   2    0            0      7292604        23620       291948    0    0     0     0 2642 2213  44   5  52   0   0   0
   3    0            0      7267856        23620       291964    0    0     0     0 3207 2718  48   7  46   0   0   0
   2    0            0      7263440        23624       291976    0    0     0    12 3058 2722  45   6  49   0   0   0
   2    0            0      7263504        23624       291984    0    0     0    12 2720 2297  44   5  52   0   0   0
   1    0            0      7265032        23636       291984    0    0     0    96 2652 2226  44   4  52   0   0   0
   2    0            0      7281136        23640       292004    0    0     0     0 1189  484  19   3  78   0   0   0
   2    0            0      7281456        23640       292004    0    0     0     0 2168  829  45   5  50   0   0   0
--procs-- -----------------------memory---------------------- ---swap-- -----io---- -system-- ----------cpu----------
   r    b         swpd         free         buff        cache   si   so    bi    bo   in   cs  us  sy  id  wa  st  gu
   2    0            0      7280784        23640       292008    0    0     0     0 2143  653  45   5  50   0   0   0
   2    0            0      7286612        23640       292008    0    0     0     0 2115  737  45   5  50   0   0   0
   2    0            0      7285716        23640       292012    0    0     0     0 2173  757  45   5  50   0   0   0
   2    0            0      7284820        23640       292012    0    0     0     0 2151  707  45   5  50   0   0   0
   2    0            0      7283956        23640       292020    0    0     0     0 2151  757  46   4  50   0   0   0
   2    0            0      7283220        23640       292020    0    0     0     0 2118  857  45   5  50   0   0   0
   2    0            0      7283680        23640       292020    0    0     0    20 2114  875  45   5  50   0   0   0
   2    0            0      7283776        23640       292024    0    0     0     0 2162  885  45   5  50   0   0   0
   2    0            0      7283616        23640       292024    0    0     0     0 2104  941  45   5  50   0   0   0
   0    0            0      7328888        23640       292044    0    0     0     0 1718  669  34   4  62   0   0   0
