Linux 7.0.0-1013-aws (ip-172-31-2-102) 	09/25/26 	_x86_64_	(4 CPU)

# Time        UID       PID    %usr %system  %guest   %wait    %CPU   CPU  minflt/s  majflt/s     VSZ     RSS   %MEM   cswch/s nvcswch/s  Command
16:53:42        0        11    0.00    0.00    0.00    0.00    0.00     0      0.00      0.00       0       0   0.00      4.00      0.00  kworker/0:1-events
16:53:42        0        16    0.00    0.00    0.00    0.00    0.00     1      0.00      0.00       0       0   0.00     43.00      0.00  rcu_sched
16:53:42        0        25    0.00    0.00    0.00    0.00    0.00     1      0.00      0.00       0       0   0.00      1.00      0.00  migration/1
16:53:42        0        32    0.00    0.00    0.00    0.00    0.00     2      0.00      0.00       0       0   0.00      1.00      0.00  ksoftirqd/2
16:53:42        0        49    0.00    0.00    0.00    0.00    0.00     1      0.00      0.00       0       0   0.00      1.00      0.00  kworker/u16:2-flush-259:0
16:53:42        0        52    0.00    0.00    0.00    0.00    0.00     2      0.00      0.00       0       0   0.00      2.00      0.00  kcompactd0
16:53:42        0        59    0.00    0.00    0.00    0.00    0.00     2      0.00      0.00       0       0   0.00      6.00      0.00  kworker/2:1-events
16:53:42        0       117    0.00    0.00    0.00    0.00    0.00     1      0.00      0.00       0       0   0.00      3.00      0.00  kworker/1:2-events
16:53:42        0       239    0.00    0.00    0.00    0.00    0.00     1      0.00      0.00  288968   26948   0.34      1.00      0.00  multipathd
16:53:42        0       382    0.00    0.00    0.00    0.00    0.00     1      0.00      0.00       0       0   0.00      9.00      0.00  kworker/u16:4-events_power_efficient
16:53:42        0       495    0.00    0.00    0.00    0.00    0.00     3      0.00      0.00       0       0   0.00      1.00      0.00  kworker/3:3-mm_percpu_wq
16:53:42     1000      1184    0.00    1.00    0.00    0.00    1.00     1    413.00      0.00   32784   22440   0.28      8.00      0.00  python3
16:53:42     1000      1190    0.00    0.00    0.00    0.00    0.00     1      0.00      0.00    9900    3360   0.04      1.00      0.00  vmstat
16:53:42     1000      1191    0.00    1.00    0.00    0.00    1.00     1      5.00      0.00    7712    3760   0.05      1.00      0.00  pidstat
16:53:42     1000      1193   73.00   14.00    0.00    0.00   87.00     0   9120.00      0.00   53920   46704   0.59      8.00      4.00  /home/ubuntu/pa
16:53:42     1000      1194    7.00   13.00    0.00    0.00   20.00     3   8083.00     73.00 1816316   37436   0.47     64.00      2.00  hey

# Time        UID       PID    %usr %system  %guest   %wait    %CPU   CPU  minflt/s  majflt/s     VSZ     RSS   %MEM   cswch/s nvcswch/s  Command
16:53:43        0        11    0.00    0.00    0.00    0.00    0.00     0      0.00      0.00       0       0   0.00      2.00      0.00  kworker/0:1-events
16:53:43        0        16    0.00    0.00    0.00    0.00    0.00     1      0.00      0.00       0       0   0.00     12.00      0.00  rcu_sched
16:53:43        0        25    0.00    0.00    0.00    0.00    0.00     1      0.00      0.00       0       0   0.00      1.00      0.00  migration/1
16:53:43        0        38    0.00    0.00    0.00    0.00    0.00     3      0.00      0.00       0       0   0.00      1.00      0.00  ksoftirqd/3
16:53:43        0        52    0.00    0.00    0.00    0.00    0.00     2      0.00      0.00       0       0   0.00      2.00      0.00  kcompactd0
16:53:43        0        59    0.00    0.00    0.00    0.00    0.00     2      0.00      0.00       0       0   0.00      3.00      0.00  kworker/2:1-events
16:53:43        0       117    0.00    0.00    0.00    0.00    0.00     1      0.00      0.00       0       0   0.00      6.00      0.00  kworker/1:2-events
16:53:43        0       239    0.00    0.00    0.00    0.00    0.00     1      0.00      0.00  288968   26948   0.34      1.00      0.00  multipathd
16:53:43        0       248    0.00    0.00    0.00    0.00    0.00     2      0.00      0.00       0       0   0.00      1.00      0.00  kworker/2:1H-kblockd
16:53:43        0       382    0.00    0.00    0.00    0.00    0.00     1      0.00      0.00       0       0   0.00      6.00      0.00  kworker/u16:4-events_power_efficient
16:53:43        0       495    0.00    0.00    0.00    1.00    0.00     3      0.00      0.00       0       0   0.00      2.00      0.00  kworker/3:3-mm_percpu_wq
16:53:43     1000      1184    0.00    0.00    0.00    0.00    0.00     1      0.00      0.00   32784   22440   0.28      3.00      0.00  python3
16:53:43     1000      1190    0.00    0.00    0.00    0.00    0.00     1      0.00      0.00    9900    3360   0.04      1.00      0.00  vmstat
16:53:43     1000      1191    0.00    0.00    0.00    0.00    0.00     1      2.00      0.00    7712    3760   0.05      1.00      0.00  pidstat
16:53:43     1000      1193   85.00   14.00    0.00    0.00   99.00     0   1060.00      0.00   57312   50116   0.63      2.00      2.00  /home/ubuntu/pa
16:53:43     1000      1202    6.00   13.00    0.00    0.00   19.00     3   7887.00      0.00 1816316   36504   0.46      3.00      2.00  hey

# Time        UID       PID    %usr %system  %guest   %wait    %CPU   CPU  minflt/s  majflt/s     VSZ     RSS   %MEM   cswch/s nvcswch/s  Command
16:53:44        0        11    0.00    0.00    0.00    0.00    0.00     0      0.00      0.00       0       0   0.00      4.00      0.00  kworker/0:1-events
16:53:44        0        19    0.00    0.00    0.00    0.00    0.00     0      0.00      0.00       0       0   0.00      1.00      0.00  migration/0
16:53:44        0        25    0.00    0.00    0.00    0.00    0.00     1      0.00      0.00       0       0   0.00      1.00      0.00  migration/1
16:53:44        0        31    0.00    0.00    0.00    0.00    0.00     2      0.00      0.00       0       0   0.00      1.00      0.00  migration/2
16:53:44        0        37    0.00    0.00    0.00    0.00    0.00     3      0.00      0.00       0       0   0.00      1.00      0.00  migration/3
16:53:44        0        52    0.00    0.00    0.00    0.00    0.00     1      0.00      0.00       0       0   0.00      2.00      0.00  kcompactd0
16:53:44        0        59    0.00    0.00    0.00    0.00    0.00     2      0.00      0.00       0       0   0.00      2.00      0.00  kworker/2:1-mm_percpu_wq
16:53:44        0       117    0.00    0.00    0.00    0.00    0.00     1      0.00      0.00       0       0   0.00      5.00      0.00  kworker/1:2-events
16:53:44        0       239    0.00    0.00    0.00    0.00    0.00     1      0.00      0.00  288968   26948   0.34      1.00      0.00  multipathd
16:53:44        0       382    0.00    0.00    0.00    0.00    0.00     1      0.00      0.00       0       0   0.00      5.00      0.00  kworker/u16:4-events_power_efficient
16:53:44        0       495    0.00    0.00    0.00    0.00    0.00     3      0.00      0.00       0       0   0.00      1.00      0.00  kworker/3:3-mm_percpu_wq
16:53:44     1000      1190    0.00    0.00    0.00    0.00    0.00     1      0.00      0.00    9900    3360   0.04      1.00      0.00  vmstat
16:53:44     1000      1191    0.00    1.00    0.00    0.00    1.00     1      2.00      0.00    7712    3760   0.05      1.00      0.00  pidstat
16:53:44     1000      1193   84.00   16.00    0.00    0.00  100.00     0      0.00      0.00   57312   50116   0.63      0.00      5.00  /home/ubuntu/pa
16:53:44     1000      1202    8.00   19.00    0.00    0.00   27.00     3   7304.00      0.00 1816828   65304   0.82      0.00      0.00  hey

# Time        UID       PID    %usr %system  %guest   %wait    %CPU   CPU  minflt/s  majflt/s     VSZ     RSS   %MEM   cswch/s nvcswch/s  Command
16:53:45        0        11    0.00    0.00    0.00    0.00    0.00     0      0.00      0.00       0       0   0.00      1.00      0.00  kworker/0:1-mm_percpu_wq
16:53:45        0        16    0.00    0.00    0.00    0.00    0.00     1      0.00      0.00       0       0   0.00     62.00      0.00  rcu_sched
16:53:45        0        25    0.00    0.00    0.00    0.00    0.00     1      0.00      0.00       0       0   0.00      2.00      0.00  migration/1
16:53:45        0        26    0.00    0.00    0.00    0.00    0.00     1      0.00      0.00       0       0   0.00      1.00      0.00  ksoftirqd/1
16:53:45        0        32    0.00    0.00    0.00    0.00    0.00     2      0.00      0.00       0       0   0.00      2.00      0.00  ksoftirqd/2
16:53:45        0        52    0.00    0.00    0.00    0.00    0.00     1      0.00      0.00       0       0   0.00      2.00      0.00  kcompactd0
16:53:45        0        59    0.00    0.00    0.00    0.00    0.00     2      0.00      0.00       0       0   0.00      3.00      0.00  kworker/2:1-mm_percpu_wq
16:53:45        0       117    0.00    0.00    0.00    0.00    0.00     1      0.00      0.00       0       0   0.00      6.00      0.00  kworker/1:2-events
16:53:45        0       239    0.00    0.00    0.00    0.00    0.00     1      0.00      0.00  288968   26948   0.34      1.00      0.00  multipathd
16:53:45        0       382    0.00    0.00    0.00    0.00    0.00     1      0.00      0.00       0       0   0.00      5.00      0.00  kworker/u16:4-events_power_efficient
16:53:45        0       495    0.00    0.00    0.00    0.00    0.00     3      0.00      0.00       0       0   0.00      2.00      0.00  kworker/3:3-mm_percpu_wq
16:53:45     1000      1184    1.00    0.00    0.00    0.00    1.00     1      0.00      0.00   32784   22440   0.28     18.00      0.00  python3
16:53:45     1000      1190    0.00    0.00    0.00    0.00    0.00     1      0.00      0.00    9900    3360   0.04      1.00      0.00  vmstat
16:53:45     1000      1191    0.00    0.00    0.00    0.00    0.00     1      0.00      0.00    7712    3760   0.05      1.00      0.00  pidstat
16:53:45     1000      1210    0.00    0.00    0.00    0.00    0.00     0    146.00      0.00    2704    1464   0.02      1.00      1.00  time
16:53:45     1000      1211   23.00    4.00    0.00    0.00   27.00     0   8400.00      0.00   50120   42684   0.54      5.00      1.00  /home/ubuntu/pa
16:53:45     1000      1212    1.00    4.00    0.00    0.00    5.00     2   2057.00      0.00 1750456   12976   0.16      3.00      3.00  hey

# Time        UID       PID    %usr %system  %guest   %wait    %CPU   CPU  minflt/s  majflt/s     VSZ     RSS   %MEM   cswch/s nvcswch/s  Command
16:53:46        0        11    0.00    0.00    0.00    0.00    0.00     0      0.00      0.00       0       0   0.00      4.00      0.00  kworker/0:1-events
16:53:46        0        16    0.00    0.00    0.00    0.00    0.00     1      0.00      0.00       0       0   0.00      9.00      0.00  rcu_sched
16:53:46        0        25    0.00    0.00    0.00    0.00    0.00     1      0.00      0.00       0       0   0.00      1.00      0.00  migration/1
16:53:46        0        38    0.00    0.00    0.00    0.00    0.00     3      0.00      0.00       0       0   0.00      1.00      0.00  ksoftirqd/3
16:53:46        0        49    0.00    0.00    0.00    0.00    0.00     1      0.00      0.00       0       0   0.00     10.00      0.00  kworker/u16:2-writeback
16:53:46        0        52    0.00    0.00    0.00    0.00    0.00     1      0.00      0.00       0       0   0.00      2.00      0.00  kcompactd0
16:53:46        0        59    0.00    0.00    0.00    0.00    0.00     2      0.00      0.00       0       0   0.00      2.00      0.00  kworker/2:1-events
16:53:46        0       117    0.00    0.00    0.00    0.00    0.00     1      0.00      0.00       0       0   0.00      6.00      0.00  kworker/1:2-events
16:53:46        0       239    0.00    0.00    0.00    0.00    0.00     1      0.00      0.00  288968   26948   0.34      1.00      0.00  multipathd
16:53:46        0       382    0.00    0.00    0.00    0.00    0.00     1      0.00      0.00       0       0   0.00      2.00      0.00  kworker/u16:4-events_power_efficient
16:53:46        0       495    0.00    0.00    0.00    0.00    0.00     3      0.00      0.00       0       0   0.00      3.00      0.00  kworker/3:3-events
16:53:46     1000      1149    0.00    0.00    0.00    0.00    0.00     1      0.00      0.00   15008    7200   0.09      1.00      0.00  sshd
16:53:46     1000      1184    0.00    0.00    0.00    0.00    0.00     1      0.00      0.00   32784   22440   0.28      3.00      0.00  python3
16:53:46     1000      1190    0.00    0.00    0.00    0.00    0.00     1      0.00      0.00    9900    3360   0.04      1.00      0.00  vmstat
16:53:46     1000      1191    0.00    1.00    0.00    0.00    1.00     1      5.00      0.00    7712    3760   0.05      1.00      0.00  pidstat
16:53:46     1000      1211   75.00   24.00    0.00    0.00   99.00     0     66.00      0.00   50312   42940   0.54      2.00      4.00  /home/ubuntu/pa
16:53:46     1000      1220    2.00    3.00    0.00    0.00    5.00     2   1960.00      0.00 1750712   12740   0.16      4.00      5.00  hey

# Time        UID       PID    %usr %system  %guest   %wait    %CPU   CPU  minflt/s  majflt/s     VSZ     RSS   %MEM   cswch/s nvcswch/s  Command
16:53:47        0        11    0.00    0.00    0.00    0.00    0.00     0      0.00      0.00       0       0   0.00      2.00      0.00  kworker/0:1-events
16:53:47        0        47    0.00    0.00    0.00    0.00    0.00     3      0.00      0.00       0       0   0.00      1.00      0.00  kworker/u16:1-flush-259:0
16:53:47        0        49    0.00    0.00    0.00    0.00    0.00     1      0.00      0.00       0       0   0.00      8.00      0.00  kworker/u16:2-events_power_efficient
16:53:47        0        52    0.00    0.00    0.00    0.00    0.00     1      0.00      0.00       0       0   0.00      2.00      0.00  kcompactd0
16:53:47        0        59    0.00    0.00    0.00    0.00    0.00     2      0.00      0.00       0       0   0.00      2.00      0.00  kworker/2:1-events
16:53:47        0       117    0.00    0.00    0.00    0.00    0.00     1      0.00      0.00       0       0   0.00      6.00      0.00  kworker/1:2-events
16:53:47        0       239    0.00    0.00    0.00    0.00    0.00     1      0.00      0.00  288968   26948   0.34      1.00      0.00  multipathd
16:53:47        0       382    0.00    0.00    0.00    0.00    0.00     2      0.00      0.00       0       0   0.00      1.00      0.00  kworker/u16:4-flush-259:0
16:53:47        0       495    0.00    0.00    0.00    0.00    0.00     3      0.00      0.00       0       0   0.00      1.00      0.00  kworker/3:3-mm_percpu_wq
16:53:47     1000      1190    0.00    0.00    0.00    0.00    0.00     1      0.00      0.00    9900    3360   0.04      1.00      0.00  vmstat
16:53:47     1000      1191    0.00    0.00    0.00    0.00    0.00     1      0.00      0.00    7712    3760   0.05      1.00      0.00  pidstat
16:53:47     1000      1211   73.00   27.00    0.00    0.00  100.00     0      0.00      0.00   50312   42940   0.54      0.00      2.00  /home/ubuntu/pa
16:53:47     1000      1220   19.00   28.00    0.00    0.00   47.00     2   6154.00      0.00 1816892   34884   0.44      0.00      0.00  hey

# Time        UID       PID    %usr %system  %guest   %wait    %CPU   CPU  minflt/s  majflt/s     VSZ     RSS   %MEM   cswch/s nvcswch/s  Command
16:53:48        0        11    0.00    0.00    0.00    0.00    0.00     0      0.00      0.00       0       0   0.00      5.00      0.00  kworker/0:1-events
16:53:48        0        16    0.00    0.00    0.00    0.00    0.00     1      0.00      0.00       0       0   0.00     18.00      0.00  rcu_sched
16:53:48        0        19    0.00    0.00    0.00    0.00    0.00     0      0.00      0.00       0       0   0.00      1.00      0.00  migration/0
16:53:48        0        25    0.00    0.00    0.00    0.00    0.00     1      0.00      0.00       0       0   0.00      1.00      0.00  migration/1
16:53:48        0        31    0.00    0.00    0.00    0.00    0.00     2      0.00      0.00       0       0   0.00      1.00      0.00  migration/2
16:53:48        0        32    0.00    0.00    0.00    0.00    0.00     2      0.00      0.00       0       0   0.00      1.00      0.00  ksoftirqd/2
16:53:48        0        37    0.00    0.00    0.00    0.00    0.00     3      0.00      0.00       0       0   0.00      1.00      0.00  migration/3
16:53:48        0        49    0.00    0.00    0.00    0.00    0.00     2      0.00      0.00       0       0   0.00      6.00      0.00  kworker/u16:2-events_power_efficient
16:53:48        0        52    0.00    0.00    0.00    0.00    0.00     2      0.00      0.00       0       0   0.00      2.00      0.00  kcompactd0
16:53:48        0        59    0.00    0.00    0.00    0.00    0.00     2      0.00      0.00       0       0   0.00      5.00      0.00  kworker/2:1-events
16:53:48        0       117    0.00    0.00    0.00    0.00    0.00     1      0.00      0.00       0       0   0.00      5.00      0.00  kworker/1:2-mm_percpu_wq
16:53:48        0       239    0.00    0.00    0.00    0.00    0.00     1      0.00      0.00  288968   26948   0.34      1.00      0.00  multipathd
16:53:48        0       495    0.00    0.00    0.00    0.00    0.00     3      0.00      0.00       0       0   0.00      4.00      0.00  kworker/3:3-events
16:53:48     1000      1184    0.00    0.00    0.00    0.00    0.00     1      0.00      0.00   32784   22440   0.28      3.00      0.00  python3
16:53:48     1000      1190    0.00    0.00    0.00    0.00    0.00     1      0.00      0.00    9900    3360   0.04      1.00      0.00  vmstat
16:53:48     1000      1191    0.00    1.00    0.00    0.00    1.00     1      0.00      0.00    7712    3760   0.05      1.00      0.00  pidstat

# Time        UID       PID    %usr %system  %guest   %wait    %CPU   CPU  minflt/s  majflt/s     VSZ     RSS   %MEM   cswch/s nvcswch/s  Command
16:53:49        0        11    0.00    0.00    0.00    0.00    0.00     0      0.00      0.00       0       0   0.00      1.00      0.00  kworker/0:1-mm_percpu_wq
16:53:49        0        16    0.00    0.00    0.00    0.00    0.00     1      0.00      0.00       0       0   0.00     44.00      0.00  rcu_sched
16:53:49        0        25    0.00    0.00    0.00    0.00    0.00     1      0.00      0.00       0       0   0.00      2.00      0.00  migration/1
16:53:49        0        26    0.00    0.00    0.00    0.00    0.00     1      0.00      0.00       0       0   0.00      3.00      0.00  ksoftirqd/1
16:53:49        0        49    0.00    0.00    0.00    0.00    0.00     1      0.00      0.00       0       0   0.00      4.00      0.00  kworker/u16:2-events_power_efficient
16:53:49        0        52    0.00    0.00    0.00    0.00    0.00     2      0.00      0.00       0       0   0.00      2.00      0.00  kcompactd0
16:53:49        0        59    0.00    0.00    0.00    0.00    0.00     2      0.00      0.00       0       0   0.00      3.00      0.00  kworker/2:1-mm_percpu_wq
16:53:49        0       117    0.00    1.00    0.00    0.00    1.00     1      0.00      0.00       0       0   0.00      3.00      0.00  kworker/1:2-events
16:53:49        0       239    0.00    0.00    0.00    0.00    0.00     1      0.00      0.00  288968   26948   0.34      1.00      0.00  multipathd
16:53:49        0       495    0.00    0.00    0.00    0.00    0.00     3      0.00      0.00       0       0   0.00      2.00      0.00  kworker/3:3-events
16:53:49        0       592    0.00    0.00    0.00    0.00    0.00     3      0.00      0.00   83064    4616   0.06      1.00      1.00  irqbalance
16:53:49     1000      1184    0.00    0.00    0.00    0.00    0.00     1      0.00      0.00   32784   22440   0.28     17.00      0.00  python3
16:53:49     1000      1190    0.00    0.00    0.00    0.00    0.00     1      0.00      0.00    9900    3360   0.04      1.00      0.00  vmstat
16:53:49     1000      1191    0.00    0.00    0.00    0.00    0.00     1      0.00      0.00    7712    3760   0.05      1.00      0.00  pidstat
16:53:49     1000      1228    0.00    0.00    0.00    0.00    0.00     0    143.00      0.00    2704    1464   0.02      1.00      1.00  time
16:53:49     1000      1229   53.00   15.00    0.00    0.00   68.00     0   8402.00      0.00   50112   42768   0.54      8.00      1.00  /home/ubuntu/pa
16:53:49     1000      1230   10.00   15.00    0.00    0.00   25.00     2   4595.00      0.00 1816316   22360   0.28      3.00      2.00  hey

# Time        UID       PID    %usr %system  %guest   %wait    %CPU   CPU  minflt/s  majflt/s     VSZ     RSS   %MEM   cswch/s nvcswch/s  Command
16:53:50        0        11    0.00    0.00    0.00    0.00    0.00     0      0.00      0.00       0       0   0.00      6.00      0.00  kworker/0:1-events
16:53:50        0        16    0.00    0.00    0.00    0.00    0.00     1      0.00      0.00       0       0   0.00     17.00      0.00  rcu_sched
16:53:50        0        25    0.00    0.00    0.00    0.00    0.00     1      0.00      0.00       0       0   0.00      2.00      0.00  migration/1
16:53:50        0        38    0.00    0.00    0.00    0.00    0.00     3      0.00      0.00       0       0   0.00      2.00      0.00  ksoftirqd/3
16:53:50        0        49    0.00    0.00    0.00    0.00    0.00     1      0.00      0.00       0       0   0.00      6.00      0.00  kworker/u16:2-events_power_efficient
16:53:50        0        52    0.00    0.00    0.00    0.00    0.00     2      0.00      0.00       0       0   0.00      2.00      0.00  kcompactd0
16:53:50        0        59    0.00    0.00    0.00    0.00    0.00     2      0.00      0.00       0       0   0.00      2.00      0.00  kworker/2:1-mm_percpu_wq
16:53:50        0       117    0.00    0.00    0.00    0.00    0.00     1      0.00      0.00       0       0   0.00      6.00      0.00  kworker/1:2-events
16:53:50        0       239    0.00    0.00    0.00    0.00    0.00     1      0.00      0.00  288968   26948   0.34      1.00      0.00  multipathd
16:53:50        0       495    0.00    0.00    0.00    0.00    0.00     3      0.00      0.00       0       0   0.00      2.00      0.00  kworker/3:3-mm_percpu_wq
16:53:50     1000      1184    0.00    0.00    0.00    0.00    0.00     1      0.00      0.00   32784   22440   0.28      5.00      0.00  python3
16:53:50     1000      1190    0.00    0.00    0.00    0.00    0.00     1      0.00      0.00    9900    3360   0.04      1.00      0.00  vmstat
16:53:50     1000      1191    0.00    1.00    0.00    0.00    1.00     1      0.00      0.00    7712    3760   0.05      1.00      0.00  pidstat
16:53:50     1000      1229   84.00   15.00    0.00    0.00   99.00     0    612.00      0.00   52512   45200   0.57      2.00      6.00  /home/ubuntu/pa
16:53:50     1000      1238    7.00    5.00    0.00    0.00   12.00     3   8392.00      0.00 1743160   34912   0.44      3.00      3.00  hey
16:53:50     1000      1245    0.00    0.00    0.00    0.00    0.00     3   1249.00      0.00 1676788   10196   0.13      3.00      3.00  hey

# Time        UID       PID    %usr %system  %guest   %wait    %CPU   CPU  minflt/s  majflt/s     VSZ     RSS   %MEM   cswch/s nvcswch/s  Command
16:53:51        0        11    0.00    0.00    0.00    0.00    0.00     0      0.00      0.00       0       0   0.00      2.00      0.00  kworker/0:1-events
16:53:51        0        16    0.00    0.00    0.00    0.00    0.00     1      0.00      0.00       0       0   0.00      2.00      0.00  rcu_sched
16:53:51        0        47    0.00    0.00    0.00    0.00    0.00     3      0.00      0.00       0       0   0.00      4.00      0.00  kworker/u16:1-events_power_efficient
16:53:51        0        49    0.00    0.00    0.00    0.00    0.00     1      0.00      0.00       0       0   0.00      4.00      0.00  kworker/u16:2-events_power_efficient
16:53:51        0        52    0.00    0.00    0.00    0.00    0.00     2      0.00      0.00       0       0   0.00      2.00      0.00  kcompactd0
16:53:51        0        59    0.00    0.00    0.00    0.00    0.00     2      0.00      0.00       0       0   0.00      1.00      0.00  kworker/2:1-mm_percpu_wq
16:53:51        0       117    0.00    0.00    0.00    0.00    0.00     1      0.00      0.00       0       0   0.00      3.00      0.00  kworker/1:2-mm_percpu_wq
16:53:51        0       239    0.00    0.00    0.00    0.00    0.00     1      0.00      0.00  288968   26948   0.34      1.00      0.00  multipathd
16:53:51        0       495    0.00    0.00    0.00    0.00    0.00     3      0.00      0.00       0       0   0.00      5.00      0.00  kworker/3:3-events
16:53:51     1000      1190    0.00    0.00    0.00    0.00    0.00     1      0.00      0.00    9900    3360   0.04      1.00      0.00  vmstat
16:53:51     1000      1191    1.00    0.00    0.00    0.00    1.00     1      0.00      0.00    7712    3760   0.05      1.00      0.00  pidstat
16:53:51     1000      1229   91.00   10.00    0.00    0.00  101.00     0      2.00      0.00   52512   45200   0.57      0.00      2.00  /home/ubuntu/pa
16:53:51     1000      1238   12.00   10.00    0.00    0.00   22.00     3   8835.00      0.00 1817660   66528   0.84      0.00      0.00  hey
16:53:51     1000      1245    2.00    2.00    0.00    0.00    4.00     3    537.00      0.00 1750520   12244   0.15      0.00      0.00  hey

# Time        UID       PID    %usr %system  %guest   %wait    %CPU   CPU  minflt/s  majflt/s     VSZ     RSS   %MEM   cswch/s nvcswch/s  Command
16:53:52        0        11    0.00    0.00    0.00    0.00    0.00     0      0.00      0.00       0       0   0.00      7.00      0.00  kworker/0:1-events
16:53:52        0        19    0.00    0.00    0.00    0.00    0.00     0      0.00      0.00       0       0   0.00      1.00      0.00  migration/0
16:53:52        0        25    0.00    0.00    0.00    0.00    0.00     1      0.00      0.00       0       0   0.00      1.00      0.00  migration/1
16:53:52        0        31    0.00    0.00    0.00    0.00    0.00     2      0.00      0.00       0       0   0.00      1.00      0.00  migration/2
16:53:52        0        37    0.00    0.00    0.00    0.00    0.00     3      0.00      0.00       0       0   0.00      1.00      0.00  migration/3
16:53:52        0        47    0.00    0.00    0.00    0.00    0.00     3      0.00      0.00       0       0   0.00      4.00      0.00  kworker/u16:1-events_unbound
16:53:52        0        49    0.00    0.00    0.00    0.00    0.00     1      0.00      0.00       0       0   0.00      1.00      0.00  kworker/u16:2-flush-259:0
16:53:52        0        52    0.00    0.00    0.00    0.00    0.00     2      0.00      0.00       0       0   0.00      2.00      0.00  kcompactd0
16:53:52        0        59    0.00    0.00    0.00    0.00    0.00     2      0.00      0.00       0       0   0.00      2.00      0.00  kworker/2:1-mm_percpu_wq
16:53:52        0       117    0.00    0.00    0.00    0.00    0.00     1      0.00      0.00       0       0   0.00      2.00      0.00  kworker/1:2-events
16:53:52        0       161    0.00    0.00    0.00    0.00    0.00     0      0.00      0.00       0       0   0.00      1.00      0.00  kworker/0:1H-kblockd
16:53:52        0       239    0.00    0.00    0.00    0.00    0.00     1      0.00      0.00  288968   26948   0.34      1.00      0.00  multipathd
16:53:52        0       382    0.00    0.00    0.00    0.00    0.00     1      0.00      0.00       0       0   0.00      4.00      0.00  kworker/u16:4-events_power_efficient
16:53:52        0       495    0.00    0.00    0.00    0.00    0.00     3      0.00      0.00       0       0   0.00      4.00      0.00  kworker/3:3-mm_percpu_wq
16:53:52     1000      1190    0.00    0.00    0.00    0.00    0.00     1      0.00      0.00    9900    3360   0.04      1.00      0.00  vmstat
16:53:52     1000      1191    0.00    0.00    0.00    0.00    0.00     1      0.00      0.00    7712    3760   0.05      1.00      0.00  pidstat
16:53:52     1000      1229   92.00    8.00    0.00    0.00  100.00     0      0.00      0.00   52512   45200   0.57      0.00      9.00  /home/ubuntu/pa
16:53:52     1000      1238   12.00    7.00    0.00    0.00   19.00     3    175.00      0.00 1817788   67168   0.85      0.00      0.00  hey
16:53:52     1000      1245    2.00    3.00    0.00    0.00    5.00     3    504.00      0.00 1750520   14036   0.18      0.00      0.00  hey

# Time        UID       PID    %usr %system  %guest   %wait    %CPU   CPU  minflt/s  majflt/s     VSZ     RSS   %MEM   cswch/s nvcswch/s  Command
16:53:53        0        11    0.00    0.00    0.00    0.00    0.00     0      0.00      0.00       0       0   0.00      1.00      0.00  kworker/0:1-mm_percpu_wq
16:53:53        0        16    0.00    0.00    0.00    0.00    0.00     1      0.00      0.00       0       0   0.00     12.00      0.00  rcu_sched
16:53:53        0        38    0.00    0.00    0.00    0.00    0.00     3      0.00      0.00       0       0   0.00      1.00      0.00  ksoftirqd/3
16:53:53        0        47    0.00    0.00    0.00    0.00    0.00     3      0.00      0.00       0       0   0.00      5.00      0.00  kworker/u16:1-events_power_efficient
16:53:53        0        52    0.00    0.00    0.00    0.00    0.00     1      0.00      0.00       0       0   0.00      2.00      0.00  kcompactd0
16:53:53        0        59    0.00    0.00    0.00    0.00    0.00     2      0.00      0.00       0       0   0.00      2.00      0.00  kworker/2:1-mm_percpu_wq
16:53:53        0       117    0.00    0.00    0.00    0.00    0.00     1      0.00      0.00       0       0   0.00      1.00      0.00  kworker/1:2-mm_percpu_wq
16:53:53        0       239    0.00    0.00    0.00    0.00    0.00     1      0.00      0.00  288968   26948   0.34      1.00      0.00  multipathd
16:53:53        0       495    0.00    0.00    0.00    0.00    0.00     3      0.00      0.00       0       0   0.00      8.00      0.00  kworker/3:3-events
16:53:53      110       670    0.00    0.00    0.00    0.00    0.00     2      0.00      0.00   19416    3768   0.05      1.00      0.00  chronyd
16:53:53     1000      1184    0.00    0.00    0.00    0.00    0.00     1      0.00      0.00   32784   22440   0.28     26.00      0.00  python3
16:53:53     1000      1190    0.00    0.00    0.00    0.00    0.00     1      0.00      0.00    9900    3360   0.04      1.00      0.00  vmstat
16:53:53     1000      1191    0.00    1.00    0.00    0.00    1.00     1      0.00      0.00    7712    3760   0.05      1.00      0.00  pidstat
16:53:53     1000      1229   94.00    6.00    0.00    0.00  100.00     0      0.00      0.00   52512   45200   0.57      0.00      1.00  /home/ubuntu/pa
16:53:53     1000      1238   15.00    8.00    0.00    0.00   23.00     3   1231.00      0.00 1818044   71264   0.90      0.00      0.00  hey

# Time        UID       PID    %usr %system  %guest   %wait    %CPU   CPU  minflt/s  majflt/s     VSZ     RSS   %MEM   cswch/s nvcswch/s  Command
16:53:54        0        11    0.00    0.00    0.00    0.00    0.00     0      0.00      0.00       0       0   0.00      4.95      0.00  kworker/0:1-events
16:53:54        0        16    0.00    0.00    0.00    0.00    0.00     2      0.00      0.00       0       0   0.00     54.46      0.00  rcu_sched
16:53:54        0        25    0.00    0.00    0.00    0.00    0.00     1      0.00      0.00       0       0   0.00      0.99      0.00  migration/1
16:53:54        0        32    0.00    0.00    0.00    0.00    0.00     2      0.00      0.00       0       0   0.00      0.99      0.00  ksoftirqd/2
16:53:54        0        47    0.00    0.00    0.00    0.00    0.00     3      0.00      0.00       0       0   0.00      3.96      0.00  kworker/u16:1-events_power_efficient
16:53:54        0        52    0.00    0.00    0.00    0.00    0.00     1      0.00      0.00       0       0   0.00      1.98      0.00  kcompactd0
16:53:54        0        59    0.00    0.00    0.00    0.00    0.00     2      0.00      0.00       0       0   0.00      2.97      0.00  kworker/2:1-mm_percpu_wq
16:53:54        0       117    0.00    0.00    0.00    0.00    0.00     1      0.00      0.00       0       0   0.00      1.98      0.00  kworker/1:2-events
16:53:54        0       239    0.00    0.00    0.00    0.00    0.00     1      0.00      0.00  288968   26948   0.34      0.99      0.00  multipathd
16:53:54        0       495    0.00    0.00    0.00    0.00    0.00     3      0.00      0.00       0       0   0.00      7.92      0.00  kworker/3:3-events
16:53:54     1000      1184    0.99    0.99    0.00    0.00    1.98     1      0.99      0.00   32784   22440   0.28     14.85      0.00  python3
16:53:54     1000      1190    0.00    0.00    0.00    0.00    0.00     1      0.00      0.00    9900    3360   0.04      0.99      0.00  vmstat
16:53:54     1000      1191    0.00    0.00    0.00    0.00    0.00     1      0.00      0.00    7712    3760   0.05      0.99      0.00  pidstat
16:53:54     1000      1254    0.00    0.00    0.00    0.00    0.00     0    142.57      0.00    2704    1464   0.02      0.99      0.99  time
16:53:54     1000      1255   10.89    0.99    0.00    0.00   11.88     0   7438.61      0.00   46196   38956   0.49      0.00      0.00  /home/ubuntu/pa

# Time        UID       PID    %usr %system  %guest   %wait    %CPU   CPU  minflt/s  majflt/s     VSZ     RSS   %MEM   cswch/s nvcswch/s  Command
16:53:55        0        11    0.00    0.00    0.00    1.00    0.00     0      0.00      0.00       0       0   0.00      3.00      0.00  kworker/0:1-events
16:53:55        0        16    0.00    0.00    0.00    0.00    0.00     1      0.00      0.00       0       0   0.00     22.00      0.00  rcu_sched
16:53:55        0        25    0.00    0.00    0.00    0.00    0.00     1      0.00      0.00       0       0   0.00      1.00      0.00  migration/1
16:53:55        0        47    0.00    0.00    0.00    0.00    0.00     1      0.00      0.00       0       0   0.00      6.00      0.00  kworker/u16:1-events_power_efficient
16:53:55        0        52    0.00    0.00    0.00    0.00    0.00     1      0.00      0.00       0       0   0.00      2.00      0.00  kcompactd0
16:53:55        0       117    0.00    0.00    0.00    0.00    0.00     1      0.00      0.00       0       0   0.00      4.00      0.00  kworker/1:2-events
16:53:55        0       239    0.00    0.00    0.00    0.00    0.00     1      0.00      0.00  288968   26948   0.34      1.00      0.00  multipathd
16:53:55        0       495    0.00    0.00    0.00    0.00    0.00     3      0.00      0.00       0       0   0.00      3.00      0.00  kworker/3:3-mm_percpu_wq
16:53:55     1000      1184    0.00    0.00    0.00    0.00    0.00     1      0.00      0.00   32784   22440   0.28      5.00      0.00  python3
16:53:55     1000      1190    0.00    0.00    0.00    0.00    0.00     1      0.00      0.00    9900    3360   0.04      1.00      0.00  vmstat
16:53:55     1000      1191    0.00    1.00    0.00    0.00    1.00     1      0.00      0.00    7712    3760   0.05      1.00      0.00  pidstat
16:53:55     1000      1255   85.00    8.00    0.00    0.00   93.00     0   3022.00      0.00   58528   51248   0.65      8.00      3.00  /home/ubuntu/pa
16:53:55     1000      1256   13.00   11.00    0.00    0.00   24.00     3  15900.00      0.00 1817212   61032   0.77      6.00      4.00  hey

# Time        UID       PID    %usr %system  %guest   %wait    %CPU   CPU  minflt/s  majflt/s     VSZ     RSS   %MEM   cswch/s nvcswch/s  Command
16:53:56        0        11    0.00    0.00    0.00    0.00    0.00     0      0.00      0.00       0       0   0.00      8.00      0.00  kworker/0:1-events
16:53:56        0        14    0.00    0.00    0.00    0.00    0.00     0      0.00      0.00       0       0   0.00      3.00      0.00  ksoftirqd/0
16:53:56        0        16    0.00    0.00    0.00    0.00    0.00     1      0.00      0.00       0       0   0.00     30.00      0.00  rcu_sched
16:53:56        0        19    0.00    0.00    0.00    0.00    0.00     0      0.00      0.00       0       0   0.00      1.00      0.00  migration/0
16:53:56        0        25    0.00    0.00    0.00    0.00    0.00     1      0.00      0.00       0       0   0.00      2.00      0.00  migration/1
16:53:56        0        31    0.00    0.00    0.00    0.00    0.00     2      0.00      0.00       0       0   0.00      1.00      0.00  migration/2
16:53:56        0        32    0.00    0.00    0.00    0.00    0.00     2      0.00      0.00       0       0   0.00      1.00      0.00  ksoftirqd/2
16:53:56        0        37    0.00    0.00    0.00    0.00    0.00     3      0.00      0.00       0       0   0.00      1.00      0.00  migration/3
16:53:56        0        38    0.00    0.00    0.00    0.00    0.00     3      0.00      0.00       0       0   0.00      2.00      0.00  ksoftirqd/3
16:53:56        0        47    0.00    0.00    0.00    0.00    0.00     1      0.00      0.00       0       0   0.00      4.00      0.00  kworker/u16:1-events_power_efficient
16:53:56        0        52    0.00    0.00    0.00    0.00    0.00     1      0.00      0.00       0       0   0.00      2.00      0.00  kcompactd0
16:53:56        0        59    0.00    0.00    0.00    0.00    0.00     2      0.00      0.00       0       0   0.00      4.00      0.00  kworker/2:1-events
16:53:56        0       117    0.00    0.00    0.00    0.00    0.00     1      0.00      0.00       0       0   0.00      5.00      0.00  kworker/1:2-events
16:53:56        0       239    0.00    0.00    0.00    0.00    0.00     1      0.00      0.00  288968   26948   0.34      1.00      0.00  multipathd
16:53:56        0       382    0.00    0.00    0.00    0.00    0.00     1      0.00      0.00       0       0   0.00      3.00      0.00  kworker/u16:4-events_power_efficient
16:53:56        0       495    0.00    0.00    0.00    0.00    0.00     3      0.00      0.00       0       0   0.00      1.00      0.00  kworker/3:3-mm_percpu_wq
16:53:56     1000      1149    0.00    0.00    0.00    0.00    0.00     1      0.00      0.00   15008    7200   0.09      1.00      0.00  sshd
16:53:56     1000      1184    0.00    0.00    0.00    0.00    0.00     1      0.00      0.00   32784   22440   0.28      3.00      0.00  python3
16:53:56     1000      1190    0.00    0.00    0.00    0.00    0.00     1      0.00      0.00    9900    3360   0.04      1.00      0.00  vmstat
16:53:56     1000      1191    0.00    0.00    0.00    0.00    0.00     1      0.00      0.00    7712    3760   0.05      1.00      0.00  pidstat
16:53:56     1000      1255   92.00    8.00    0.00    0.00  100.00     0   1604.00      0.00   64900   57648   0.73      2.00     12.00  /home/ubuntu/pa
16:53:56     1000      1264   12.00   10.00    0.00    0.00   22.00     3  12955.00      0.00 1743480   49760   0.63      6.00      6.00  hey

# Time        UID       PID    %usr %system  %guest   %wait    %CPU   CPU  minflt/s  majflt/s     VSZ     RSS   %MEM   cswch/s nvcswch/s  Command
16:53:57        0         1    0.00    0.00    0.00    0.00    0.00     1      1.00      0.00   22164   13048   0.16     16.00      0.00  systemd
16:53:57        0        11    0.00    0.00    0.00    0.00    0.00     0      0.00      0.00       0       0   0.00      1.00      0.00  kworker/0:1-mm_percpu_wq
16:53:57        0        16    0.00    0.00    0.00    0.00    0.00     2      0.00      0.00       0       0   0.00     33.00      0.00  rcu_sched
16:53:57        0        38    0.00    0.00    0.00    0.00    0.00     3      0.00      0.00       0       0   0.00      1.00      0.00  ksoftirqd/3
16:53:57        0        47    0.00    0.00    0.00    0.00    0.00     3      0.00      0.00       0       0   0.00     21.00      0.00  kworker/u16:1-events_power_efficient
16:53:57        0        52    0.00    0.00    0.00    0.00    0.00     1      0.00      0.00       0       0   0.00      2.00      0.00  kcompactd0
16:53:57        0        59    0.00    0.00    0.00    0.00    0.00     2      0.00      0.00       0       0   0.00      1.00      0.00  kworker/2:1-mm_percpu_wq
16:53:57        0       117    0.00    0.00    0.00    0.00    0.00     1      0.00      0.00       0       0   0.00      3.00      0.00  kworker/1:2-events
16:53:57        0       177    0.00    0.00    0.00    0.00    0.00     2     23.00      0.00   50444   17304   0.22      4.00      0.00  systemd-journal
16:53:57        0       239    0.00    0.00    0.00    0.00    0.00     1      0.00      0.00  288968   26948   0.34      1.00      0.00  multipathd
16:53:57        0       248    0.00    0.00    0.00    0.00    0.00     2      0.00      0.00       0       0   0.00      5.00      0.00  kworker/2:1H-kblockd
16:53:57        0       382    0.00    0.00    0.00    0.00    0.00     1      0.00      0.00       0       0   0.00     25.00      0.00  kworker/u16:4-ext4-rsv-conversion
16:53:57        0       495    0.00    0.00    0.00    0.00    0.00     3      0.00      0.00       0       0   0.00      8.00      0.00  kworker/3:3-events
16:53:57      101       586    0.00    0.00    0.00    0.00    0.00     2      0.00      0.00    9792    5192   0.07     10.00      6.00  dbus-daemon
16:53:57      989       596    0.00    0.00    0.00    0.00    0.00     2      0.00      0.00  383684    9576   0.12      2.00      0.00  polkitd
16:53:57        0       604    0.00    0.00    0.00    0.00    0.00     2      0.00      0.00   18172    8804   0.11      4.00      4.00  systemd-logind
16:53:57        0       608    0.00    0.00    0.00    0.00    0.00     2      0.00      0.00  468960   13704   0.17      1.00      0.00  udisksd
16:53:57        0       739    0.00    0.00    0.00    0.00    0.00     2      0.00      0.00  318164   12408   0.16      1.00      0.00  ModemManager
16:53:57        0       843    0.00    0.00    0.00    0.00    0.00     3      0.00      0.00       0       0   0.00      6.00      0.00  kworker/3:1H-kblockd
16:53:57        0       935    0.00    0.00    0.00    0.00    0.00     1     23.00      0.00   12032    8080   0.10      3.00      0.00  sshd
16:53:57     1000      1190    0.00    0.00    0.00    0.00    0.00     1      0.00      0.00    9900    3360   0.04      1.00      0.00  vmstat
16:53:57     1000      1191    0.00    1.00    0.00    0.00    1.00     1      0.00      0.00    7712    3760   0.05      1.00      1.00  pidstat
16:53:57     1000      1255   93.00    6.00    0.00    0.00   99.00     0      0.00      0.00   64900   57648   0.73      0.00      3.00  /home/ubuntu/pa
16:53:57     1000      1264   11.00    9.00    0.00    0.00   20.00     3   6560.00      0.00 1817916   72288   0.91      0.00      0.00  hey
16:53:57        0      1272    0.00    0.00    0.00    0.00    0.00     2    835.00      0.00   14720   10408   0.13     20.00     14.00  sshd

# Time        UID       PID    %usr %system  %guest   %wait    %CPU   CPU  minflt/s  majflt/s     VSZ     RSS   %MEM   cswch/s nvcswch/s  Command
16:53:58        0         1    1.00    1.00    0.00    0.00    2.00     2     59.00      0.00   22164   13048   0.16     35.00      3.00  systemd
16:53:58        0        11    0.00    0.00    0.00    0.00    0.00     0      0.00      0.00       0       0   0.00      9.00      0.00  kworker/0:1-events
16:53:58        0        14    0.00    0.00    0.00    0.00    0.00     0      0.00      0.00       0       0   0.00      3.00      0.00  ksoftirqd/0
16:53:58        0        16    0.00    0.00    0.00    0.00    0.00     3      0.00      0.00       0       0   0.00     97.00      0.00  rcu_sched
16:53:58        0        25    0.00    0.00    0.00    0.00    0.00     1      0.00      0.00       0       0   0.00      3.00      0.00  migration/1
16:53:58        0        32    0.00    0.00    0.00    0.00    0.00     2      0.00      0.00       0       0   0.00      4.00      0.00  ksoftirqd/2
16:53:58        0        37    0.00    0.00    0.00    0.00    0.00     3      0.00      0.00       0       0   0.00      2.00      0.00  migration/3
16:53:58        0        38    0.00    0.00    0.00    0.00    0.00     3      0.00      0.00       0       0   0.00      6.00      0.00  ksoftirqd/3
16:53:58        0        47    0.00    0.00    0.00    0.00    0.00     1      0.00      0.00       0       0   0.00      7.00      0.00  kworker/u16:1-writeback
16:53:58        0        52    0.00    0.00    0.00    0.00    0.00     2      0.00      0.00       0       0   0.00      2.00      0.00  kcompactd0
16:53:58        0        58    0.00    0.00    0.00    0.00    0.00     3      0.00      0.00       0       0   0.00      1.00      0.00  kworker/3:1-cgroup_free
16:53:58        0        59    0.00    0.00    0.00    1.00    0.00     2      0.00      0.00       0       0   0.00     15.00      0.00  kworker/2:1-events
16:53:58        0       117    0.00    0.00    0.00    0.00    0.00     1      0.00      0.00       0       0   0.00     10.00      0.00  kworker/1:2-events
16:53:58        0       177    0.00    0.00    0.00    0.00    0.00     2     36.00      0.00   50444   17304   0.22      8.00      0.00  systemd-journal
16:53:58        0       239    0.00    0.00    0.00    0.00    0.00     1      0.00      0.00  288968   26948   0.34      1.00      0.00  multipathd
16:53:58        0       382    0.00    0.00    0.00    0.00    0.00     1      0.00      0.00       0       0   0.00      5.00      0.00  kworker/u16:4-events_power_efficient
16:53:58        0       495    0.00    0.00    0.00    0.00    0.00     3      0.00      0.00       0       0   0.00     14.00      0.00  kworker/3:3-mm_percpu_wq
16:53:58      101       586    0.00    0.00    0.00    0.00    0.00     3      0.00      0.00    9792    5192   0.07     20.00      1.00  dbus-daemon
16:53:58      989       596    0.00    0.00    0.00    1.00    0.00     1      0.00      0.00  383684    9576   0.12      9.00      0.00  polkitd
16:53:58        0       604    0.00    0.00    0.00    0.00    0.00     2      0.00      0.00   18172    8804   0.11     13.00      2.00  systemd-logind
16:53:58        0       608    0.00    0.00    0.00    0.00    0.00     3      0.00      0.00  468960   13704   0.17      5.00      0.00  udisksd
16:53:58        0       739    0.00    0.00    0.00    0.00    0.00     3      0.00      0.00  318164   12408   0.16      6.00      0.00  ModemManager
16:53:58        0       935    0.00    0.00    0.00    0.00    0.00     3      0.00      0.00   12032    8080   0.10      1.00      0.00  sshd
16:53:58     1000      1184    0.00    0.00    0.00    0.00    0.00     1      0.00      0.00   32784   22440   0.28     12.00      0.00  python3
16:53:58     1000      1190    0.00    0.00    0.00    0.00    0.00     1      0.00      0.00    9900    3360   0.04      1.00      0.00  vmstat
16:53:58     1000      1191    0.00    0.00    0.00    0.00    0.00     1      0.00      0.00    7712    3760   0.05      1.00      0.00  pidstat
16:53:58     1000      1336    0.00    0.00    0.00    0.00    0.00     0    144.00      0.00    2704    1464   0.02      1.00      1.00  time
16:53:58     1000      1337   30.00    2.00    0.00    0.00   32.00     0   7955.00      0.00   48240   40924   0.52      5.00      2.00  /home/ubuntu/pa
16:53:58     1000      1338    3.00    3.00    0.00    0.00    6.00     2   3526.00      0.00 1750712   18580   0.23      3.00      2.00  hey

# Time        UID       PID    %usr %system  %guest   %wait    %CPU   CPU  minflt/s  majflt/s     VSZ     RSS   %MEM   cswch/s nvcswch/s  Command
16:53:59        0        11    0.00    0.00    0.00    0.00    0.00     0      0.00      0.00       0       0   0.00      1.00      0.00  kworker/0:1-mm_percpu_wq
16:53:59        0        16    0.00    0.00    0.00    0.00    0.00     2      0.00      0.00       0       0   0.00     14.00      0.00  rcu_sched
16:53:59        0        25    0.00    0.00    0.00    0.00    0.00     1      0.00      0.00       0       0   0.00      1.00      0.00  migration/1
16:53:59        0        52    0.00    0.00    0.00    0.00    0.00     2      0.00      0.00       0       0   0.00      1.00      0.00  kcompactd0
16:53:59        0        59    0.00    0.00    0.00    0.00    0.00     2      0.00      0.00       0       0   0.00      3.00      0.00  kworker/2:1-events
16:53:59        0       117    0.00    0.00    0.00    0.00    0.00     1      0.00      0.00       0       0   0.00      9.00      0.00  kworker/1:2-events
16:53:59        0       239    0.00    0.00    0.00    0.00    0.00     1      0.00      0.00  288968   26948   0.34      1.00      0.00  multipathd
16:53:59        0       382    0.00    0.00    0.00    0.00    0.00     1      0.00      0.00       0       0   0.00      6.00      0.00  kworker/u16:4-events_power_efficient
16:53:59        0       495    0.00    0.00    0.00    0.00    0.00     3      0.00      0.00       0       0   0.00      2.00      0.00  kworker/3:3-events
16:53:59        0       592    0.00    0.00    0.00    0.00    0.00     1      0.00      0.00   83064    4616   0.06      1.00      0.00  irqbalance
16:53:59     1000      1184    0.00    0.00    0.00    0.00    0.00     1      0.00      0.00   32784   22440   0.28      3.00      0.00  python3
16:53:59     1000      1190    0.00    0.00    0.00    0.00    0.00     1      0.00      0.00    9900    3360   0.04      1.00      0.00  vmstat
16:53:59     1000      1191    1.00    1.00    0.00    0.00    2.00     1      2.00      0.00    7712    3760   0.05      1.00      1.00  pidstat
16:53:59     1000      1337   92.00    8.00    0.00    0.00  100.00     0     56.00      0.00   48504   41052   0.52      2.00      1.00  /home/ubuntu/pa
16:53:59     1000      1346    3.00    1.00    0.00    0.00    4.00     3   3451.00      0.00 1750712   18084   0.23      3.00      3.00  hey

# Time        UID       PID    %usr %system  %guest   %wait    %CPU   CPU  minflt/s  majflt/s     VSZ     RSS   %MEM   cswch/s nvcswch/s  Command
16:54:00        0         1    0.00    0.00    0.00    0.00    0.00     2      0.00      0.00   22164   13048   0.16      1.00      0.00  systemd
16:54:00        0        11    0.00    0.00    0.00    0.00    0.00     0      0.00      0.00       0       0   0.00      7.00      0.00  kworker/0:1-events
16:54:00        0        16    0.00    0.00    0.00    0.00    0.00     1      0.00      0.00       0       0   0.00      4.00      0.00  rcu_sched
16:54:00        0        19    0.00    0.00    0.00    0.00    0.00     0      0.00      0.00       0       0   0.00      1.00      0.00  migration/0
16:54:00        0        25    0.00    0.00    0.00    0.00    0.00     1      0.00      0.00       0       0   0.00      1.00      0.00  migration/1
16:54:00        0        26    0.00    0.00    0.00    0.00    0.00     1      0.00      0.00       0       0   0.00      2.00      0.00  ksoftirqd/1
16:54:00        0        31    0.00    0.00    0.00    0.00    0.00     2      0.00      0.00       0       0   0.00      1.00      0.00  migration/2
16:54:00        0        37    0.00    0.00    0.00    0.00    0.00     3      0.00      0.00       0       0   0.00      1.00      0.00  migration/3
16:54:00        0        52    0.00    0.00    0.00    0.00    0.00     1      0.00      0.00       0       0   0.00      2.00      0.00  kcompactd0
16:54:00        0        59    0.00    0.00    0.00    0.00    0.00     2      0.00      0.00       0       0   0.00      5.00      0.00  kworker/2:1-mm_percpu_wq
16:54:00        0       117    0.00    0.00    0.00    0.00    0.00     1      0.00      0.00       0       0   0.00      5.00      0.00  kworker/1:2-events
16:54:00        0       239    0.00    0.00    0.00    0.00    0.00     1      0.00      0.00  288968   26948   0.34      1.00      0.00  multipathd
16:54:00        0       382    0.00    0.00    0.00    0.00    0.00     1      0.00      0.00       0       0   0.00      4.00      0.00  kworker/u16:4-events_power_efficient
16:54:00        0       495    0.00    0.00    0.00    0.00    0.00     3      0.00      0.00       0       0   0.00      4.00      0.00  kworker/3:3-mm_percpu_wq
16:54:00      998       542    0.00    0.00    0.00    0.00    0.00     1      0.00      0.00   22432    9968   0.13      1.00      0.00  systemd-network
16:54:00     1000      1190    0.00    0.00    0.00    0.00    0.00     1      0.00      0.00    9900    3360   0.04      1.00      0.00  vmstat
16:54:00     1000      1191    0.00    0.00    0.00    0.00    0.00     1      0.00      0.00    7712    3760   0.05      1.00      0.00  pidstat
16:54:00     1000      1337   93.00    6.00    0.00    0.00   99.00     0      0.00      0.00   48504   41052   0.52      1.00      8.00  /home/ubuntu/pa
16:54:00     1000      1346   18.00   15.00    0.00    0.00   33.00     3   8480.00      0.00 1817340   48804   0.62      0.00      0.00  hey

# Time        UID       PID    %usr %system  %guest   %wait    %CPU   CPU  minflt/s  majflt/s     VSZ     RSS   %MEM   cswch/s nvcswch/s  Command
16:54:01        0        11    0.00    0.00    0.00    0.00    0.00     0      0.00      0.00       0       0   0.00      2.00      0.00  kworker/0:1-events
16:54:01        0        16    0.00    0.00    0.00    0.00    0.00     2      0.00      0.00       0       0   0.00     24.00      0.00  rcu_sched
16:54:01        0        32    0.00    0.00    0.00    0.00    0.00     2      0.00      0.00       0       0   0.00      1.00      0.00  ksoftirqd/2
16:54:01        0        47    0.00    0.00    0.00    0.00    0.00     3      0.00      0.00       0       0   0.00      4.00      0.00  kworker/u16:1-events_power_efficient
16:54:01        0        52    0.00    0.00    0.00    0.00    0.00     1      0.00      0.00       0       0   0.00      2.00      0.00  kcompactd0
16:54:01        0        59    0.00    0.00    0.00    0.00    0.00     2      0.00      0.00       0       0   0.00      4.00      0.00  kworker/2:1-events
16:54:01        0       117    0.00    0.00    0.00    0.00    0.00     1      0.00      0.00       0       0   0.00      5.00      0.00  kworker/1:2-events
16:54:01        0       239    0.00    0.00    0.00    0.00    0.00     1      0.00      0.00  288968   26948   0.34      1.00      0.00  multipathd
16:54:01        0       382    0.00    0.00    0.00    0.00    0.00     2      0.00      0.00       0       0   0.00      4.00      0.00  kworker/u16:4-events_power_efficient
16:54:01        0       495    0.00    0.00    0.00    0.00    0.00     3      0.00      0.00       0       0   0.00      4.00      0.00  kworker/3:3-events
16:54:01     1000      1184    0.00    0.00    0.00    0.00    0.00     1      0.00      0.00   32784   22440   0.28      3.00      0.00  python3
16:54:01     1000      1190    0.00    0.00    0.00    0.00    0.00     1      0.00      0.00    9900    3360   0.04      1.00      0.00  vmstat
16:54:01     1000      1191    0.00    1.00    0.00    0.00    1.00     1      0.00      0.00    7712    3760   0.05      1.00      0.00  pidstat

# Time        UID       PID    %usr %system  %guest   %wait    %CPU   CPU  minflt/s  majflt/s     VSZ     RSS   %MEM   cswch/s nvcswch/s  Command
16:54:02        0        11    0.00    0.00    0.00    0.00    0.00     0      0.00      0.00       0       0   0.00      4.00      0.00  kworker/0:1-events
16:54:02        0        16    0.00    0.00    0.00    0.00    0.00     2      0.00      0.00       0       0   0.00     31.00      0.00  rcu_sched
16:54:02        0        25    0.00    0.00    0.00    0.00    0.00     1      0.00      0.00       0       0   0.00      2.00      0.00  migration/1
16:54:02        0        26    0.00    0.00    0.00    0.00    0.00     1      0.00      0.00       0       0   0.00      1.00      0.00  ksoftirqd/1
16:54:02        0        47    0.00    0.00    0.00    0.00    0.00     2      0.00      0.00       0       0   0.00      5.00      0.00  kworker/u16:1-events_power_efficient
16:54:02        0        52    0.00    0.00    0.00    0.00    0.00     1      0.00      0.00       0       0   0.00      2.00      0.00  kcompactd0
16:54:02        0        59    0.00    0.00    0.00    0.00    0.00     2      0.00      0.00       0       0   0.00      6.00      0.00  kworker/2:1-events
16:54:02        0       117    0.00    0.00    0.00    0.00    0.00     1      0.00      0.00       0       0   0.00      4.00      0.00  kworker/1:2-events
16:54:02        0       239    0.00    0.00    0.00    0.00    0.00     1      0.00      0.00  288968   26948   0.34      1.00      0.00  multipathd
16:54:02        0       382    0.00    0.00    0.00    0.00    0.00     2      0.00      0.00       0       0   0.00      5.00      0.00  kworker/u16:4-flush-259:0
16:54:02        0       495    0.00    0.00    0.00    0.00    0.00     3      0.00      0.00       0       0   0.00      1.00      0.00  kworker/3:3-mm_percpu_wq
16:54:02        0       585    0.00    0.00    0.00    0.00    0.00     2      0.00      0.00    7236    2784   0.04      1.00      0.00  cron
16:54:02     1000      1184    1.00    0.00    0.00    0.00    1.00     1      0.00      0.00   32784   22440   0.28     10.00      0.00  python3
16:54:02     1000      1190    0.00    0.00    0.00    0.00    0.00     1      0.00      0.00    9900    3360   0.04      1.00      0.00  vmstat
16:54:02     1000      1191    0.00    0.00    0.00    0.00    0.00     1      0.00      0.00    7712    3760   0.05      1.00      0.00  pidstat
16:54:02     1000      1354    0.00    0.00    0.00    0.00    0.00     0    144.00      0.00    2704    1528   0.02      1.00      1.00  time
16:54:02     1000      1355   67.00    5.00    0.00    0.00   72.00     0   7965.00      0.00   48240   41064   0.52      7.00      3.00  /home/ubuntu/pa
16:54:02     1000      1356    8.00    8.00    0.00    0.00   16.00     2   7991.00      0.00 1816892   34776   0.44      4.00      2.00  hey

# Time        UID       PID    %usr %system  %guest   %wait    %CPU   CPU  minflt/s  majflt/s     VSZ     RSS   %MEM   cswch/s nvcswch/s  Command
16:54:03        0        11    0.00    0.00    0.00    0.00    0.00     0      0.00      0.00       0       0   0.00      2.00      0.00  kworker/0:1-events
16:54:03        0        16    0.00    0.00    0.00    0.00    0.00     3      0.00      0.00       0       0   0.00      9.00      0.00  rcu_sched
16:54:03        0        25    0.00    0.00    0.00    0.00    0.00     1      0.00      0.00       0       0   0.00      1.00      0.00  migration/1
16:54:03        0        47    0.00    0.00    0.00    0.00    0.00     2      0.00      0.00       0       0   0.00      8.00      0.00  kworker/u16:1-events_power_efficient
16:54:03        0        52    0.00    0.00    0.00    0.00    0.00     1      0.00      0.00       0       0   0.00      2.00      0.00  kcompactd0
16:54:03        0        59    0.00    0.00    0.00    0.00    0.00     2      0.00      0.00       0       0   0.00      4.00      0.00  kworker/2:1-events
16:54:03        0       117    0.00    0.00    0.00    0.00    0.00     1      0.00      0.00       0       0   0.00      2.00      0.00  kworker/1:2-events
16:54:03        0       239    0.00    0.00    0.00    0.00    0.00     1      0.00      0.00  288968   26948   0.34      1.00      0.00  multipathd
16:54:03        0       248    0.00    0.00    0.00    0.00    0.00     2      0.00      0.00       0       0   0.00      1.00      0.00  kworker/2:1H-kblockd
16:54:03        0       495    0.00    0.00    0.00    0.00    0.00     3      0.00      0.00       0       0   0.00      5.00      0.00  kworker/3:3-mm_percpu_wq
16:54:03     1000      1184    0.00    0.00    0.00    0.00    0.00     1      0.00      0.00   32784   22440   0.28      3.00      0.00  python3
16:54:03     1000      1190    0.00    0.00    0.00    0.00    0.00     1      0.00      0.00    9900    3360   0.04      1.00      0.00  vmstat
16:54:03     1000      1191    0.00    0.00    0.00    0.00    0.00     1      0.00      0.00    7712    3760   0.05      1.00      0.00  pidstat
16:54:03     1000      1355   92.00    7.00    0.00    0.00   99.00     0     73.00      0.00   48636   41320   0.52      2.00      2.00  /home/ubuntu/pa
16:54:03     1000      1364    9.00    6.00    0.00    0.00   15.00     3   7902.00      0.00 1816380   34272   0.43      3.00      2.00  hey

# Time        UID       PID    %usr %system  %guest   %wait    %CPU   CPU  minflt/s  majflt/s     VSZ     RSS   %MEM   cswch/s nvcswch/s  Command
16:54:04        0        11    0.00    0.00    0.00    0.00    0.00     0      0.00      0.00       0       0   0.00      7.00      0.00  kworker/0:1-events
16:54:04        0        19    0.00    0.00    0.00    0.00    0.00     0      0.00      0.00       0       0   0.00      1.00      0.00  migration/0
16:54:04        0        25    0.00    0.00    0.00    0.00    0.00     1      0.00      0.00       0       0   0.00      1.00      0.00  migration/1
16:54:04        0        31    0.00    0.00    0.00    0.00    0.00     2      0.00      0.00       0       0   0.00      1.00      0.00  migration/2
16:54:04        0        37    0.00    0.00    0.00    0.00    0.00     3      0.00      0.00       0       0   0.00      1.00      0.00  migration/3
16:54:04        0        47    0.00    0.00    0.00    0.00    0.00     1      0.00      0.00       0       0   0.00      5.00      0.00  kworker/u16:1-events_power_efficient
16:54:04        0        52    0.00    0.00    0.00    0.00    0.00     1      0.00      0.00       0       0   0.00      2.00      0.00  kcompactd0
16:54:04        0        59    0.00    0.00    0.00    0.00    0.00     2      0.00      0.00       0       0   0.00      2.00      0.00  kworker/2:1-mm_percpu_wq
16:54:04        0       117    0.00    0.00    0.00    0.00    0.00     1      0.00      0.00       0       0   0.00      3.00      0.00  kworker/1:2-events
16:54:04        0       239    0.00    0.00    0.00    0.00    0.00     1      0.00      0.00  288968   26948   0.34      1.00      0.00  multipathd
16:54:04        0       495    0.00    0.00    0.00    0.00    0.00     3      0.00      0.00       0       0   0.00      5.00      0.00  kworker/3:3-events
16:54:04     1000      1190    0.00    0.00    0.00    0.00    0.00     1      0.00      0.00    9900    3360   0.04      1.00      0.00  vmstat
16:54:04     1000      1191    0.00    1.00    0.00    0.00    1.00     1      0.00      0.00    7712    3760   0.05      1.00      0.00  pidstat
16:54:04     1000      1355   94.00    6.00    0.00    0.00  100.00     0      0.00      0.00   48636   41320   0.52      0.00      8.00  /home/ubuntu/pa
16:54:04     1000      1364   18.00   13.00    0.00    0.00   31.00     3   4015.00      0.00 1817084   48864   0.62      0.00      0.00  hey

# Time        UID       PID    %usr %system  %guest   %wait    %CPU   CPU  minflt/s  majflt/s     VSZ     RSS   %MEM   cswch/s nvcswch/s  Command
16:54:05        0        11    0.00    0.00    0.00    0.00    0.00     0      0.00      0.00       0       0   0.00      2.00      0.00  kworker/0:1-mm_percpu_wq
16:54:05        0        16    0.00    0.00    0.00    0.00    0.00     3      0.00      0.00       0       0   0.00     43.00      0.00  rcu_sched
16:54:05        0        25    0.00    0.00    0.00    0.00    0.00     1      0.00      0.00       0       0   0.00      1.00      0.00  migration/1
16:54:05        0        38    0.00    0.00    0.00    0.00    0.00     3      0.00      0.00       0       0   0.00      1.00      0.00  ksoftirqd/3
16:54:05        0        47    0.00    0.00    0.00    0.00    0.00     1      0.00      0.00       0       0   0.00      5.00      0.00  kworker/u16:1-events_power_efficient
16:54:05        0        52    0.00    0.00    0.00    0.00    0.00     1      0.00      0.00       0       0   0.00      2.00      0.00  kcompactd0
16:54:05        0        59    0.00    0.00    0.00    0.00    0.00     2      0.00      0.00       0       0   0.00      1.00      0.00  kworker/2:1-events
16:54:05        0       117    0.00    0.00    0.00    0.00    0.00     1      0.00      0.00       0       0   0.00      5.00      0.00  kworker/1:2-events
16:54:05        0       239    0.00    0.00    0.00    0.00    0.00     1      0.00      0.00  288968   26948   0.34      1.00      0.00  multipathd
16:54:05        0       495    0.00    0.00    0.00    0.00    0.00     3      0.00      0.00       0       0   0.00      4.00      0.00  kworker/3:3-mm_percpu_wq
16:54:05     1000      1184    1.00    0.00    0.00    0.00    1.00     1      0.00      0.00   32784   22440   0.28      7.00      0.00  python3
16:54:05     1000      1190    0.00    0.00    0.00    0.00    0.00     1      0.00      0.00    9900    3360   0.04      1.00      0.00  vmstat
16:54:05     1000      1191    0.00    0.00    0.00    0.00    0.00     1      0.00      0.00    7712    3760   0.05      1.00      1.00  pidstat
16:54:05     1000      1372    0.00    0.00    0.00    0.00    0.00     0    146.00      0.00    2704    1464   0.02      1.00      1.00  time
16:54:05     1000      1373   13.00    1.00    0.00    0.00   14.00     0   7891.00      0.00   47980   40848   0.52      1.00      0.00  /home/ubuntu/pa

# Time        UID       PID    %usr %system  %guest   %wait    %CPU   CPU  minflt/s  majflt/s     VSZ     RSS   %MEM   cswch/s nvcswch/s  Command
16:54:06        0        11    0.00    0.00    0.00    0.00    0.00     0      0.00      0.00       0       0   0.00      5.00      0.00  kworker/0:1-events
16:54:06        0        16    0.00    0.00    0.00    0.00    0.00     1      0.00      0.00       0       0   0.00     10.00      0.00  rcu_sched
16:54:06        0        25    0.00    0.00    0.00    0.00    0.00     1      0.00      0.00       0       0   0.00      1.00      0.00  migration/1
16:54:06        0        26    0.00    0.00    0.00    0.00    0.00     1      0.00      0.00       0       0   0.00      1.00      0.00  ksoftirqd/1
16:54:06        0        47    0.00    0.00    0.00    0.00    0.00     1      0.00      0.00       0       0   0.00      5.00      0.00  kworker/u16:1-events_power_efficient
16:54:06        0        52    0.00    0.00    0.00    0.00    0.00     1      0.00      0.00       0       0   0.00      2.00      0.00  kcompactd0
16:54:06        0        59    0.00    0.00    0.00    0.00    0.00     2      0.00      0.00       0       0   0.00      2.00      0.00  kworker/2:1-events
16:54:06        0       117    0.00    0.00    0.00    0.00    0.00     1      0.00      0.00       0       0   0.00      6.00      0.00  kworker/1:2-mm_percpu_wq
16:54:06        0       239    0.00    0.00    0.00    0.00    0.00     1      0.00      0.00  288968   26948   0.34      1.00      0.00  multipathd
16:54:06        0       382    0.00    0.00    0.00    0.00    0.00     2      0.00      0.00       0       0   0.00      3.00      0.00  kworker/u16:4-events_power_efficient
16:54:06     1000      1149    0.00    0.00    0.00    0.00    0.00     1      0.00      0.00   15008    7200   0.09      1.00      0.00  sshd
16:54:06     1000      1184    0.00    0.00    0.00    0.00    0.00     1     15.00      0.00   32784   22568   0.29      4.00      0.00  python3
16:54:06     1000      1190    0.00    0.00    0.00    0.00    0.00     1      0.00      0.00    9900    3360   0.04      1.00      0.00  vmstat
16:54:06     1000      1191    0.00    1.00    0.00    0.00    1.00     1      0.00      0.00    7712    3760   0.05      1.00      0.00  pidstat
16:54:06     1000      1373   99.00    1.00    0.00    0.00  100.00     0    462.00      0.00   49852   42640   0.54      4.00      5.00  /home/ubuntu/pa
16:54:06     1000      1374    1.00    1.00    0.00    0.00    2.00     2   1593.00      0.00 1676980   11548   0.15      5.00      4.00  hey

# Time        UID       PID    %usr %system  %guest   %wait    %CPU   CPU  minflt/s  majflt/s     VSZ     RSS   %MEM   cswch/s nvcswch/s  Command
16:54:07        0        11    0.00    0.00    0.00    0.00    0.00     0      0.00      0.00       0       0   0.00      2.00      0.00  kworker/0:1-events
16:54:07        0        16    0.00    0.00    0.00    0.00    0.00     1      0.00      0.00       0       0   0.00      8.00      0.00  rcu_sched
16:54:07        0        25    0.00    0.00    0.00    0.00    0.00     1      0.00      0.00       0       0   0.00      1.00      0.00  migration/1
16:54:07        0        46    0.00    0.00    0.00    0.00    0.00     1      0.00      0.00       0       0   0.00      1.00      0.00  khungtaskd
16:54:07        0        47    0.00    0.00    0.00    0.00    0.00     3      0.00      0.00       0       0   0.00      1.00      0.00  kworker/u16:1-flush-259:0
16:54:07        0        49    0.00    0.00    0.00    0.00    0.00     1      0.00      0.00       0       0   0.00      3.00      0.00  kworker/u16:2-events_unbound
16:54:07        0        52    0.00    0.00    0.00    0.00    0.00     1      0.00      0.00       0       0   0.00      2.00      0.00  kcompactd0
16:54:07        0        59    0.00    0.00    0.00    0.00    0.00     2      0.00      0.00       0       0   0.00      5.00      0.00  kworker/2:1-events
16:54:07        0       117    0.00    0.00    0.00    0.00    0.00     1      0.00      0.00       0       0   0.00      1.00      0.00  kworker/1:2-events
16:54:07        0       239    0.00    0.00    0.00    0.00    0.00     1      0.00      0.00  288968   26948   0.34      1.00      0.00  multipathd
16:54:07        0       382    0.00    0.00    0.00    0.00    0.00     2      0.00      0.00       0       0   0.00      5.00      0.00  kworker/u16:4-flush-259:0
16:54:07        0       495    0.00    0.00    0.00    0.00    0.00     3      0.00      0.00       0       0   0.00      1.00      0.00  kworker/3:3-mm_percpu_wq
16:54:07      110       670    0.00    0.00    0.00    0.00    0.00     2      0.00      0.00   19416    3768   0.05      1.00      0.00  chronyd
16:54:07     1000      1184    0.00    0.00    0.00    0.00    0.00     1      0.00      0.00   32784   22568   0.29      3.00      0.00  python3
16:54:07     1000      1190    0.00    0.00    0.00    0.00    0.00     1      0.00      0.00    9900    3360   0.04      1.00      0.00  vmstat
16:54:07     1000      1191    0.00    0.00    0.00    0.00    0.00     1      0.00      0.00    7712    3760   0.05      1.00      0.00  pidstat
16:54:07     1000      1373   98.00    0.00    0.00    0.00   98.00     0     84.00      0.00   50260   43024   0.54      2.00      2.00  /home/ubuntu/pa
16:54:07     1000      1381    1.00    1.00    0.00    0.00    2.00     3   1559.00      0.00 1676980   11324   0.14      4.00      2.00  hey

# Time        UID       PID    %usr %system  %guest   %wait    %CPU   CPU  minflt/s  majflt/s     VSZ     RSS   %MEM   cswch/s nvcswch/s  Command
16:54:08        0        11    0.00    0.00    0.00    0.00    0.00     0      0.00      0.00       0       0   0.00      8.00      0.00  kworker/0:1-events
16:54:08        0        19    0.00    0.00    0.00    0.00    0.00     0      0.00      0.00       0       0   0.00      1.00      0.00  migration/0
16:54:08        0        25    0.00    0.00    0.00    0.00    0.00     1      0.00      0.00       0       0   0.00      1.00      0.00  migration/1
16:54:08        0        31    0.00    0.00    0.00    0.00    0.00     2      0.00      0.00       0       0   0.00      1.00      0.00  migration/2
16:54:08        0        37    0.00    0.00    0.00    0.00    0.00     3      0.00      0.00       0       0   0.00      1.00      0.00  migration/3
16:54:08        0        49    0.00    0.00    0.00    0.00    0.00     1      0.00      0.00       0       0   0.00      7.00      0.00  kworker/u16:2-events_power_efficient
16:54:08        0        52    0.00    0.00    0.00    0.00    0.00     1      0.00      0.00       0       0   0.00      2.00      0.00  kcompactd0
16:54:08        0        59    0.00    0.00    0.00    0.00    0.00     2      0.00      0.00       0       0   0.00      1.00      0.00  kworker/2:1-mm_percpu_wq
16:54:08        0       117    0.00    0.00    0.00    0.00    0.00     1      0.00      0.00       0       0   0.00      6.00      0.00  kworker/1:2-events
16:54:08        0       239    0.00    0.00    0.00    0.00    0.00     1      0.00      0.00  288968   26948   0.34      1.00      0.00  multipathd
16:54:08        0       495    0.00    0.00    0.00    0.00    0.00     3      0.00      0.00       0       0   0.00      1.00      0.00  kworker/3:3-mm_percpu_wq
16:54:08     1000      1190    0.00    0.00    0.00    0.00    0.00     1      0.00      0.00    9900    3360   0.04      1.00      0.00  vmstat
16:54:08     1000      1191    1.00    1.00    0.00    0.00    2.00     1      0.00      0.00    7712    3760   0.05      1.00      1.00  pidstat
16:54:08     1000      1373  100.00    0.00    0.00    0.00  100.00     0      0.00      0.00   50260   43024   0.54      0.00      9.00  /home/ubuntu/pa
16:54:08     1000      1381    0.00    1.00    0.00    0.00    1.00     3    346.00      0.00 1676980   12604   0.16      0.00      0.00  hey

# Time        UID       PID    %usr %system  %guest   %wait    %CPU   CPU  minflt/s  majflt/s     VSZ     RSS   %MEM   cswch/s nvcswch/s  Command
16:54:09        0        11    0.00    0.00    0.00    0.00    0.00     0      0.00      0.00       0       0   0.00      2.00      0.00  kworker/0:1-mm_percpu_wq
16:54:09        0        16    0.00    0.00    0.00    0.00    0.00     3      0.00      0.00       0       0   0.00     61.00      0.00  rcu_sched
16:54:09        0        25    0.00    0.00    0.00    0.00    0.00     1      0.00      0.00       0       0   0.00      2.00      0.00  migration/1
16:54:09        0        32    0.00    0.00    0.00    0.00    0.00     2      0.00      0.00       0       0   0.00      1.00      0.00  ksoftirqd/2
16:54:09        0        49    0.00    0.00    0.00    0.00    0.00     1      0.00      0.00       0       0   0.00      5.00      0.00  kworker/u16:2-events_power_efficient
16:54:09        0        52    0.00    0.00    0.00    0.00    0.00     1      0.00      0.00       0       0   0.00      2.00      0.00  kcompactd0
16:54:09        0        59    0.00    0.00    0.00    0.00    0.00     2      0.00      0.00       0       0   0.00      3.00      0.00  kworker/2:1-mm_percpu_wq
16:54:09        0       117    0.00    0.00    0.00    0.00    0.00     1      0.00      0.00       0       0   0.00      7.00      0.00  kworker/1:2-events
16:54:09        0       239    0.00    0.00    0.00    0.00    0.00     1      0.00      0.00  288968   26948   0.34      1.00      0.00  multipathd
16:54:09        0       495    0.00    0.00    0.00    0.00    0.00     3      0.00      0.00       0       0   0.00      2.00      0.00  kworker/3:3-mm_percpu_wq
16:54:09        0       592    0.00    0.00    0.00    0.00    0.00     3      0.00      0.00   83064    4616   0.06      1.00      0.00  irqbalance
16:54:09     1000      1184    1.00    0.00    0.00    0.00    1.00     1      0.00      0.00   32784   22568   0.29      8.00      0.00  python3
16:54:09     1000      1190    0.00    0.00    0.00    0.00    0.00     1      0.00      0.00    9900    3360   0.04      1.00      0.00  vmstat
16:54:09     1000      1191    0.00    0.00    0.00    0.00    0.00     1      0.00      0.00    7712    3760   0.05      1.00      1.00  pidstat
16:54:09     1000      1388    0.00    0.00    0.00    0.00    0.00     0    145.00      0.00    2704    1528   0.02      1.00      1.00  time
16:54:09     1000      1389   34.00    4.00    0.00    0.00   38.00     0   8012.00      0.00   48504   41308   0.52     26.00      1.00  /home/ubuntu/pa
16:54:09     1000      1390   27.00    3.00    0.00    0.00   30.00     2   4123.00      0.00   26924   21612   0.27    232.00      3.00  perl

# Time        UID       PID    %usr %system  %guest   %wait    %CPU   CPU  minflt/s  majflt/s     VSZ     RSS   %MEM   cswch/s nvcswch/s  Command
16:54:10        0        11    0.00    0.00    0.00    0.00    0.00     0      0.00      0.00       0       0   0.00      5.00      0.00  kworker/0:1-events
16:54:10        0        16    0.00    0.00    0.00    0.00    0.00     3      0.00      0.00       0       0   0.00      5.00      0.00  rcu_sched
16:54:10        0        49    0.00    0.00    0.00    0.00    0.00     3      0.00      0.00       0       0   0.00      5.00      0.00  kworker/u16:2-events_power_efficient
16:54:10        0        52    0.00    0.00    0.00    0.00    0.00     1      0.00      0.00       0       0   0.00      2.00      0.00  kcompactd0
16:54:10        0        59    0.00    0.00    0.00    0.00    0.00     2      0.00      0.00       0       0   0.00      1.00      0.00  kworker/2:1-mm_percpu_wq
16:54:10        0       117    0.00    0.00    0.00    0.00    0.00     1      0.00      0.00       0       0   0.00      2.00      0.00  kworker/1:2-mm_percpu_wq
16:54:10        0       239    0.00    0.00    0.00    0.00    0.00     1      0.00      0.00  288968   26948   0.34      1.00      0.00  multipathd
16:54:10        0       495    0.00    0.00    0.00    0.00    0.00     3      0.00      0.00       0       0   0.00      5.00      0.00  kworker/3:3-mm_percpu_wq
16:54:10        0       599    0.00    0.00    0.00    0.00    0.00     3     29.00      0.00 1907064   22368   0.28      1.00      0.00  amazon-ssm-agen
16:54:10      110       670    0.00    0.00    0.00    0.00    0.00     3      0.00      0.00   19416    3768   0.05      2.00      0.00  chronyd
16:54:10     1000      1190    0.00    0.00    0.00    0.00    0.00     1      0.00      0.00    9900    3360   0.04      1.00      0.00  vmstat
16:54:10     1000      1191    0.00    1.00    0.00    0.00    1.00     1      0.00      0.00    7712    3760   0.05      1.00      1.00  pidstat
16:54:10     1000      1389   89.00   10.00    0.00    0.00   99.00     0      0.00      0.00   48504   41308   0.52      2.00      5.00  /home/ubuntu/pa
16:54:10     1000      1390   84.00   10.00    0.00    0.00   94.00     2     16.00      0.00   26924   21612   0.27    945.00      1.00  perl

# Time        UID       PID    %usr %system  %guest   %wait    %CPU   CPU  minflt/s  majflt/s     VSZ     RSS   %MEM   cswch/s nvcswch/s  Command
16:54:11        0         1    0.00    0.00    0.00    0.00    0.00     1      2.00      0.00   22164   13048   0.16      1.00      0.00  systemd
16:54:11        0        11    0.00    0.00    0.00    0.00    0.00     0      0.00      0.00       0       0   0.00      2.00      0.00  kworker/0:1-events
16:54:11        0        16    0.00    0.00    0.00    0.00    0.00     3      0.00      0.00       0       0   0.00      2.00      0.00  rcu_sched
16:54:11        0        47    0.00    0.00    0.00    0.00    0.00     3      0.00      0.00       0       0   0.00      4.00      0.00  kworker/u16:1-events_power_efficient
16:54:11        0        49    0.00    0.00    0.00    0.00    0.00     3      0.00      0.00       0       0   0.00      5.00      0.00  kworker/u16:2-events_power_efficient
16:54:11        0        52    0.00    0.00    0.00    0.00    0.00     1      0.00      0.00       0       0   0.00      2.00      0.00  kcompactd0
16:54:11        0        59    0.00    0.00    0.00    0.00    0.00     2      0.00      0.00       0       0   0.00      2.00      0.00  kworker/2:1-events
16:54:11        0       117    0.00    0.00    0.00    0.00    0.00     1      0.00      0.00       0       0   0.00      2.00      0.00  kworker/1:2-events
16:54:11        0       136    0.00    0.00    0.00    0.00    0.00     1      0.00      0.00       0       0   0.00      3.00      0.00  jbd2/nvme0n1p1-8
16:54:11        0       239    0.00    0.00    0.00    0.00    0.00     1      0.00      0.00  288968   26948   0.34      1.00      0.00  multipathd
16:54:11        0       244    0.00    0.00    0.00    0.00    0.00     3      0.00      0.00   29240    7992   0.10      1.00      0.00  systemd-udevd
16:54:11      991       394    0.00    0.00    0.00    0.00    0.00     3      0.00      0.00   21480   12544   0.16      1.00      0.00  systemd-resolve
16:54:11        0       495    0.00    0.00    0.00    0.00    0.00     3      0.00      0.00       0       0   0.00      5.00      0.00  kworker/3:3-events
16:54:11        0       599    0.00    0.00    0.00    0.00    0.00     3      0.00      0.00 1907064   22368   0.28      1.00      0.00  amazon-ssm-agen
16:54:11     1000      1190    0.00    0.00    0.00    0.00    0.00     1      0.00      0.00    9900    3360   0.04      1.00      0.00  vmstat
16:54:11     1000      1191    0.00    0.00    0.00    0.00    0.00     1      0.00      0.00    7712    3760   0.05      1.00      1.00  pidstat
16:54:11     1000      1389   92.00    9.00    0.00    0.00  101.00     0      0.00      0.00   48504   41308   0.52      0.00      2.00  /home/ubuntu/pa
16:54:11     1000      1390   84.00   10.00    0.00    0.00   94.00     2    100.00      0.00   27404   21996   0.28    934.00      2.00  perl

# Time        UID       PID    %usr %system  %guest   %wait    %CPU   CPU  minflt/s  majflt/s     VSZ     RSS   %MEM   cswch/s nvcswch/s  Command
16:54:12        0        11    0.00    0.00    0.00    0.00    0.00     0      0.00      0.00       0       0   0.00     10.00      0.00  kworker/0:1-events
16:54:12        0        12    0.00    0.00    0.00    0.00    0.00     0      0.00      0.00       0       0   0.00      9.00      0.00  kworker/u16:0-events_power_efficient
16:54:12        0        16    0.00    0.00    0.00    0.00    0.00     3      0.00      0.00       0       0   0.00     22.00      0.00  rcu_sched
16:54:12        0        19    0.00    0.00    0.00    0.00    0.00     0      0.00      0.00       0       0   0.00      1.00      0.00  migration/0
16:54:12        0        25    0.00    0.00    0.00    0.00    0.00     1      0.00      0.00       0       0   0.00      1.00      0.00  migration/1
16:54:12        0        31    0.00    0.00    0.00    0.00    0.00     2      0.00      0.00       0       0   0.00      1.00      0.00  migration/2
16:54:12        0        37    0.00    0.00    0.00    0.00    0.00     3      0.00      0.00       0       0   0.00      1.00      0.00  migration/3
16:54:12        0        47    0.00    0.00    0.00    0.00    0.00     3      0.00      0.00       0       0   0.00      6.00      0.00  kworker/u16:1-flush-259:0
16:54:12        0        49    0.00    0.00    0.00    0.00    0.00     1      0.00      0.00       0       0   0.00      5.00      0.00  kworker/u16:2-ext4-rsv-conversion
16:54:12        0        52    0.00    0.00    0.00    0.00    0.00     1      0.00      0.00       0       0   0.00      2.00      0.00  kcompactd0
16:54:12        0        59    0.00    0.00    0.00    0.00    0.00     2      0.00      0.00       0       0   0.00      2.00      0.00  kworker/2:1-events
16:54:12        0       117    0.00    0.00    0.00    0.00    0.00     1      0.00      0.00       0       0   0.00      2.00      0.00  kworker/1:2-events
16:54:12        0       239    0.00    0.00    0.00    0.00    0.00     1      0.00      0.00  288968   26948   0.34      1.00      0.00  multipathd
16:54:12        0       382    0.00    0.00    0.00    0.00    0.00     2      0.00      0.00       0       0   0.00      1.00      0.00  kworker/u16:4-flush-259:0
16:54:12        0       495    0.00    0.00    0.00    0.00    0.00     3      0.00      0.00       0       0   0.00      5.00      0.00  kworker/3:3-mm_percpu_wq
16:54:12        0       502    0.00    0.00    0.00    0.00    0.00     1      0.00      0.00       0       0   0.00      4.00      0.00  kworker/1:1H-kblockd
16:54:12     1000      1184    0.00    0.00    0.00    0.00    0.00     1      0.00      0.00   32784   22568   0.29      3.00      0.00  python3
16:54:12     1000      1190    0.00    0.00    0.00    0.00    0.00     1      0.00      0.00    9900    3360   0.04      1.00      0.00  vmstat
16:54:12     1000      1191    0.00    1.00    0.00    0.00    1.00     1      0.00      0.00    7712    3760   0.05      1.00      1.00  pidstat
