--procs-- -----------------------memory---------------------- ---swap-- -----io---- -system-- ----------cpu----------
   r    b         swpd         free         buff        cache   si   so    bi    bo   in   cs  us  sy  id  wa  st  gu
   2    0            0      7258952        23288       287192    0    0  2544   242  581    1   2   1  96   1   0   0
   3    0            0      7249996        23288       295192    0    0  6424     8 4445 6937  20   7  72   2   0   0
   1    0            0      7239628        23288       295272    0    0    12     0 5894 10008  24   9  68   0   0   0
   1    0            0      7219608        23288       295280    0    0     0     0 6154 11125  23   9  68   0   0   0
   3    0            0      7289504        23292       295300    0    0     0     0 4060 10054  14   5  82   0   0   0
   1    0            0      7267356        23292       295352    0    0     0  1368 16179 62696  24  13  63   0   0   0
   1    0            0      7205384        23296       295356    0    0     0    12 16273 62188  23  13  63   0   0   0
   0    0            0      7233164        23296       295364    0    0     0     0 16364 61995  21  13  66   0   0   0
   1    0            0      7196420        23296       295372    0    0     0     0 7752 32292  16   8  76   0   0   0
   1    0            0      7179032        23296       295524    0    0     0     0 10447 34431  25   8  66   0   0   0
   1    0            0      7144480        23296       295556    0    0     0     0 6408 11965  26   6  68   0   0   0
   1    0            0      7141740        23296       295560    0    0     0     0 6037 12250  27   5  69   0   0   0
   3    0            0      7151856        23296       295560    0    0     0     0 5841 10093  27   4  69   0   0   0
   1    0            0      7224544        23296       295584    0    0     0     0 3346 5384  17   3  81   0   0   0
   1    0            0      7163524        23296       296332    0    0     0     0 3829 4159  25   5  71   0   0   0
   3    0            0      7167384        23296       296336    0    0     0     0 4535 5797  26   5  69   0   0   0
   1    0            0      7138928        23296       296392    0    0     0  6668 4386 4941  27   5  69   0   0   0
   1    0            0      7159880        23300       296532    0    0   120     0 3643 6335  16   4  80   0   0   0
   1    0            0      7172176        23300       296540    0    0     0     0 11439 26689  27   6  67   0   0   0
   1    0            0      7158620        23300       296544    0    0     0     0 12415 31278  28   5  66   0   0   0
   0    0            0      7216868        23304       296552    0    0     0     0 11463 31168  23   4  73   0   0   0
--procs-- -----------------------memory---------------------- ---swap-- -----io---- -system-- ----------cpu----------
   r    b         swpd         free         buff        cache   si   so    bi    bo   in   cs  us  sy  id  wa  st  gu
   1    0            0      7199244        23304       295540    0    0     0     8 5777 12162  19   3  78   0   0   0
   3    0            0      7210100        23304       295548    0    0     0     0 10208 23385  27   5  68   0   0   0
   1    0            0      7200236        23304       295548    0    0     0     0 12209 32084  28   4  68   0   0   0
   0    0            0      7224940        23304       295564    0    0     0     0 6144 15773  15   3  82   0   0   0
   1    0            0      7223100        23304       295564    0    0     0     0 1903 2047  25   1  74   0   0   0
   2    0            0      7222600        23304       295572    0    0     0     0 1925 2114  25   1  74   0   0   0
   2    0            0      7229476        23304       295576    0    0     0     0 1795 2079  25   0  75   0   0   0
   3    0            0      7229404        23304       295572    0    0     0     0 1369 1042  19   2  79   0   0   0
   3    0            0      7235212        23304       295576    0    0     0     0 2646 2029  43   5  51   0   0   0
   3    0            0      7233936        23316       295580    0    0     0   192 2540 1936  44   5  51   0   0   0
   1    0            0      7260644        23316       295588    0    0     0   613 2156 1439  34   4  62   0   0   0
