--procs-- -----------------------memory---------------------- ---swap-- -----io---- -system-- ----------cpu----------
   r    b         swpd         free         buff        cache   si   so    bi    bo   in   cs  us  sy  id  wa  st  gu
   1    0            0      7262336        23152       285672    0    0  1036   194  320    1   1   1  98   0   0   0
   1    0            0      7269648        23156       293700    0    0  6564     8 2075 2007  20   3  75   2   0   0
   1    0            0      7274340        23156       293768    0    0    12     0 2532 2899  24   4  73   0   0   0
   1    0            0      7270348        23156       293772    0    0     0   204 2596 3262  23   3  73   0   0   0
   1    0            0      7278292        23156       293792    0    0     0  1024 1643 1830  14   2  84   0   0   0
   1    0            0      7275032        23156       293808    0    0     0     0 2137 2249  24   3  73   0   0   0
   1    0            0      7280948        23156       293824    0    0     0     0 2194 2272  24   3  73   0   0   0
   1    0            0      7274656        23156       293824    0    0     0     0 2303 2699  24   3  73   0   0   0
   1    0            0      7288040        23156       293852    0    0     0  1024 2362 3184  13   4  83   0   0   0
   1    0            0      7287000        23156       293860    0    0     0     0 6336 11073  23   9  68   0   0   0
   1    0            0      7249548        23156       293860    0    0     0     0 6383 11180  23   9  68   0   0   0
   0    0            0      7329292        23160       293972    0    0    56     0 5489 9287  20   8  72   0   0   0
   1    0            0      7263464        23160       293972    0    0     0     0 13900 49881  19  11  70   0   0   0
   3    0            0      7231552        23164       293980    0    0     0  6748 20151 76781  25  14  61   0   0   0
   2    0            0      7167656        23164       293984    0    0     0     0 19460 71362  24  14  62   0   0   0
   1    0            0      7226536        23176       294000    0    0     0   232 8581 29947  14   6  79   0   0   0
   2    0            0      7221528        23176       294008    0    0     0   244 18152 65645  24  13  63   0   0   0
   2    0            0      7172724        23176       294012    0    0     0     0 17365 60407  24  13  63   0   0   0
   0    0            0      7224516        23176       294016    0    0     0     0 16650 60623  22  12  66   0   0   0
   2    0            0      7209748        23176       294068    0    0     0   184 5352 11894  16   6  79   0   0   0
   2    0            0      7206704        23176       294072    0    0     0     0 11896 30199  26   9  65   0   0   0
--procs-- -----------------------memory---------------------- ---swap-- -----io---- -system-- ----------cpu----------
   r    b         swpd         free         buff        cache   si   so    bi    bo   in   cs  us  sy  id  wa  st  gu
   1    0            0      7182508        23176       294076    0    0     0     0 11268 29264  26   9  65   0   0   0
   1    0            0      7269336        23176       294092    0    0     0     0 6434 17132  16   5  79   0   0   0
   1    0            0      7262680        23176       294096    0    0     0     0 4537 9036  23   2  75   0   0   0
   1    0            0      7263392        23176       294104    0    0     0     0 5039 10151  25   2  73   0   0   0
   1    0            0      7264624        23176       294104    0    0     0     0 5104 10437  25   2  73   0   0   0
   1    0            0      7296024        23176       294120    0    0     0     0 2354 4703  14   2  84   0   0   0
   1    0            0      7295428        23180       294128    0    0     0     0 4247 9840  25   2  73   0   0   0
   1    0            0      7290292        23180       294128    0    0     0     0 4076 9825  25   3  73   0   0   0
   0    0            0      7290488        23180       294132    0    0     0     0 3150 7593  18   2  80   0   0   0
   1    0            0      7289452        23180       294148    0    0     0     0 2292 3389  21   2  77   0   0   0
   1    0            0      7289948        23180       294156    0    0     0   188 2884 4552  25   2  74   0   0   0
   1    0            0      7288184        23180       294160    0    0     0     0 2878 4734  25   1  74   0   0   0
   1    0            0      7251588        23180       294640    0    0     0     0 2109 2796  14   3  83   0   0   0
   2    0            0      7269380        23180       295032    0    0     0     0 7617 17217  28   4  68   0   0   0
   1    0            0      7235988        23180       295052    0    0     0     0 10658 33658  28   6  66   0   0   0
   1    0            0      7205300        23180       295052    0    0     0    44 12882 48038  29   5  66   0   0   0
   1    0            0      7210612        23180       295116    0    0     0     0 2849 4724  14   4  82   0   0   0
   1    0            0      7234652        23180       295172    0    0     0     0 4139 4885  27   5  68   0   0   0
   1    0            0      7229844        23180       295176    0    0     0     0 4329 4668  27   4  69   0   0   0
   0    0            0      7286800        23180       295132    0    0     0     0 3899 4749  23   4  73   0   0   0
   3    0            0      7244332        23180       295192    0    0     0     0 2552 2456  18   3  78   0   0   0
--procs-- -----------------------memory---------------------- ---swap-- -----io---- -system-- ----------cpu----------
   r    b         swpd         free         buff        cache   si   so    bi    bo   in   cs  us  sy  id  wa  st  gu
   4    0            0      7251108        23184       295208    0    0     0    32 4322 5375  27   5  68   0   0   0
   3    0            0      7221492        23184       295212    0    0     0     0 4249 4508  27   4  69   0   0   0
   1    0            0      7271656        23184       295232    0    0     0     0 2750 3531  17   3  80   0   0   0
   2    0            0      7229932        23184       295236    0    0     0     0 16974 61220  23  12  65   0   0   0
   1    0            0      7235656        23192       295244    0    0     0    68 13578 45959  28   7  65   0   0   0
   3    0            0      7208352        23192       295248    0    0     0    24 12972 49463  28   6  66   0   0   0
   1    0            0      7248820        23192       295248    0    0     0     0 13242 48448  28   6  65   0   0   0
   4    0            0      7248120        23192       295252    0    0     0     0 12828 46529  29   6  66   0   0   0
   1    0            0      7290552        23192       295288    0    0     0     0 6669 21835  15   5  81   0   0   0
   3    0            0      7272536        23192       295300    0    0     0     0 15041 51912  24  11  64   0   0   0
   2    0            0      7223548        23192       295304    0    0     0    16 5172 8106  26   5  69   0   0   0
   2    0            0      7213740        23192       295304    0    0     0     0 5171 10066  27   4  69   0   0   0
   2    0            0      7210036        23192       295308    0    0     0     0 5087 8437  27   4  69   0   0   0
   1    0            0      7263616        23192       295320    0    0     0     0 4148 6495  22   3  75   0   0   0
   4    0            0      7250520        23192       295328    0    0     0     0 5916 12536  19   6  75   0   0   0
   2    0            0      7274012        23192       295336    0    0     0    28 7916 15890  26   7  67   0   0   0
   2    0            0      7240068        23192       295340    0    0     0     0 6677 11702  28   5  68   0   0   0
   2    0            0      7242328        23192       295340    0    0     0     0 6167 11660  27   5  69   0   0   0
   2    0            0      7240652        23192       295344    0    0     0     0 6238 11256  27   4  69   0   0   0
   4    0            0      7281696        23196       295360    0    0     0     0 3155 5339  15   3  83   0   0   0
   3    0            0      7265624        23196       295364    0    0     0   108 15772 54081  29   6  65   0   0   0
--procs-- -----------------------memory---------------------- ---swap-- -----io---- -system-- ----------cpu----------
   r    b         swpd         free         buff        cache   si   so    bi    bo   in   cs  us  sy  id  wa  st  gu
   2    0            0      7255832        23208       295380    0    0     0    84 14553 41633  28   7  65   0   0   0
   2    0            0      7245584        23208       295384    0    0     0     0 13950 40208  28   6  66   0   0   0
   2    0            0      7272072        23208       295408    0    0     0     0 4764 9623  15   4  82   0   0   0
   2    0            0      7260992        23268       295856    0    0   392    44 12041 31250  29   7  63   1   0   0
   2    0            0      7251452        23268       295860    0    0     0    52 14374 44619  28   5  66   0   0   0
   2    0            0      7294772        23268       295872    0    0     0     0 8594 24031  18   4  78   0   0   0
   2    0            0      7273108        23268       295876    0    0     0     0 10002 23635  25   5  70   0   0   0
   2    0            0      7271052        23268       295884    0    0     0     0 12374 31748  28   6  66   0   0   0
   2    0            0      7269928        23268       295884    0    0     0     0 14497 42983  28   5  66   0   0   0
   2    0            0      7264748        23272       294880    0    0     0    24 6270 18093  16   3  81   0   0   0
   2    0            0      7252024        23288       294936    0    0     0   148 12202 34484  33   8  58   0   0   0
   2    0            0      7245976        23288       294940    0    0     0     0 13650 39820  28   6  65   0   0   0
   1    0            0      7286840        23288       294948    0    0     0     0 9965 26816  22   4  74   0   0   0
   2    0            0      7237616        23288       294956    0    0     0    96 7367 18100  21   4  76   0   0   0
   1    0            0      7219232        23288       294964    0    0     0    16 12746 34522  28   6  67   0   0   0
   1    0            0      7206436        23288       294964    0    0     0     0 12968 36037  28   4  67   0   0   0
   1    0            0      7235924        23288       294988    0    0     0     4 5468 13096  15   3  83   0   0   0
   2    0            0      7256976        23288       294988    0    0     0     0 10238 22904  27   5  68   0   0   0
   1    0            0      7235416        23288       294996    0    0     0     0 10775 25360  28   5  67   0   0   0
   1    0            0      7230548        23288       295000    0    0     0     0 13638 39868  27   6  67   0   0   0
   1    0            0      7262180        23288       295012    0    0     0    20 1435 1371  14   1  85   0   0   0
--procs-- -----------------------memory---------------------- ---swap-- -----io---- -system-- ----------cpu----------
   r    b         swpd         free         buff        cache   si   so    bi    bo   in   cs  us  sy  id  wa  st  gu
   1    0            0      7261876        23288       295020    0    0     0     0 2199 2544  25   1  74   0   0   0
   1    0            0      7264392        23288       295020    0    0     0     0 2078 2384  25   0  74   0   0   0
   0    0            0      7292924        23292       295020    0    0     0     0 1614 1847  17   0  83   0   0   0
   1    0            0      7274788        23292       295040    0    0     0     0 1748 1707  23   1  76   0   0   0
   1    0            0      7272476        23292       295044    0    0     0    20 1967 2102  25   1  74   0   0   0
   1    0            0      7271468        23292       295048    0    0     0     0 1846 2089  25   0  74   0   0   0
   1    0            0      7271608        23292       295092    0    0     0     0 1294 1121  14   1  84   0   0   0
   1    0            0      7271212        23292       295096    0    0     0     0 2110 3130  25   1  74   0   0   0
   1    0            0      7271132        23292       295108    0    0     0     0 1860 2705  25   1  74   0   0   0
   1    0            0      7271132        23292       295108    0    0     0   112 1960 2751  25   0  75   0   0   0
   3    0            0      7266644        23292       295136    0    0     0     0 1347  946  20   2  78   0   0   0
   2    0            0      7265080        23292       295140    0    0     0     0 2444 1511  43   6  51   0   0   0
   2    0            0      7265256        23292       295136    0    0     0     0 2447 1458  45   4  51   0   0   0
   0    0            0      7285648        23292       295148    0    0     0  4452 1852 1114  33   3  64   0   0   0
   2    0            0      7262828        23292       295156    0    0     0    16 2113 1526  32   5  64   0   0   0
   2    0            0      7262188        23292       295160    0    0     0     0 2733 2116  44   5  52   0   0   0
   1    0            0      7260812        23292       295160    0    0     0     0 2659 1866  45   4  51   0   0   0
   1    0            0      7276116        23292       295184    0    0     0     0 1478  871  22   3  76   0   0   0
   2    0            0      7265784        23292       295184    0    0     0     0 2529 1914  42   6  53   0   0   0
   2    0            0      7264440        23304       295184    0    0     0   160 2619 1790  44   5  51   0   0   0
   2    0            0      7263320        23304       295188    0    0     0     0 2566 1749  44   5  52   0   0   0
