--procs-- -----------------------memory---------------------- ---swap-- -----io---- -system-- ----------cpu----------
   r    b         swpd         free         buff        cache   si   so    bi    bo   in   cs  us  sy  id  wa  st  gu
   1    0            0      7278212        22996       281748    0    0  1079   143  274    0   0   1  99   0   0   0
   2    0            0      7250668        23140       289084    0    0  7088     0 9076 21550  23   5  70   2   0   0
   3    0            0      7252144        23140       289100    0    0    12     0 14600 45593  28   5  66   0   0   0
   3    0            0      7247472        23140       289104    0    0     0     0 14224 40408  28   6  66   0   0   0
   4    0            0      7270904        23140       289144    0    0    20     0 5677 13402  15   3  82   0   0   0
   1    0            0      7277588        23140       289200    0    0     0     0 11086 27581  27   6  67   0   0   0
   3    0            0      7255532        23140       289220    0    0     0     0 12730 32404  28   6  67   0   0   0
   0    0            0      7284636        23140       289228    0    0     0     0 11502 31897  24   6  71   0   0   0
   1    0            0      7268340        23140       289236    0    0     0     0 7438 19919  19   4  77   0   0   0
   1    0            0      7287080        23144       289240    0    0     0     0 12479 34814  28   5  67   0   0   0
   3    0            0      7273476        23144       289244    0    0     0     0 14600 43136  28   6  66   0   0   0
   0    0            0      7286200        23144       289260    0    0     0     0 6803 18702  16   4  81   0   0   0
   3    0            0      7263492        23144       289284    0    0    20     0 13388 39744  27   6  67   0   0   0
   1    0            0      7245632        23144       289292    0    0     0     0 13344 36681  28   6  66   0   0   0
   1    0            0      7233760        23144       289296    0    0     0     0 14257 41396  28   6  66   0   0   0
   1    0            0      7253472        23144       289316    0    0     0     4 4257 8396  15   3  82   0   0   0
   1    0            0      7242108        23144       289352    0    0     0     0 10330 22673  27   5  68   0   0   0
   1    0            0      7227084        23144       289356    0    0     0     0 12452 32830  27   5  67   0   0   0
   0    0            0      7273456        23144       289372    0    0     0     0 9444 27294  19   4  77   0   0   0
   1    0            0      7240004        23144       289396    0    0     0     4 7860 16951  23   5  72   0   0   0
   1    0            0      7242832        23144       289400    0    0     0     0 10087 22501  28   5  68   0   0   0
--procs-- -----------------------memory---------------------- ---swap-- -----io---- -system-- ----------cpu----------
   r    b         swpd         free         buff        cache   si   so    bi    bo   in   cs  us  sy  id  wa  st  gu
   3    0            0      7229316        23144       289408    0    0     0     0 11840 30616  29   6  65   0   0   0
   1    0            0      7240872        23152       290084    0    0     0     0 4665 10662  16   4  80   0   0   0
   1    0            0      7235568        23152       290264    0    0     0     0 7272 15572  28   5  67   0   0   0
   3    0            0      7227564        23152       290284    0    0     0     0 11269 39416  28   6  66   0   0   0
   1    0            0      7197796        23152       290288    0    0     0     0 12760 50874  29   6  66   0   0   0
   1    0            0      7233436        23164       290292    0    0     0   280 2364 2799  15   4  82   0   0   0
   1    0            0      7211588        23164       290428    0    0     0  6468 4062 4505  27   5  69   0   0   0
   1    0            0      7209000        23164       290432    0    0     0     0 3981 4802  27   4  70   0   0   0
   0    0            0      7248640        23164       290300    0    0     0     0 3529 4183  22   4  74   0   0   0
   1    0            0      7211744        23164       290304    0    0     0     0 2694 2582  19   4  77   0   0   0
   1    0            0      7234776        23164       290456    0    0     0     0 4220 5148  27   5  69   0   0   0
   1    0            0      7216312        23164       290476    0    0     0     4 4293 5236  27   4  70   0   0   0
   1    0            0      7270156        23164       290404    0    0     0     0 2704 3152  17   3  80   0   0   0
   1    0            0      7258476        23164       290424    0    0     0   240 4564 9054  23   2  74   0   0   0
   1    0            0      7274168        23164       290428    0    0     0     0 5124 10247  25   3  72   0   0   0
   1    0            0      7275948        23164       290432    0    0     0     0 5099 10160  25   2  73   0   0   0
   1    0            0      7293864        23168       290440    0    0     0     0 2332 4482  14   2  84   0   0   0
   1    0            0      7285340        23168       290452    0    0     0     0 3924 9742  24   2  73   0   0   0
   1    0            0      7278772        23168       290456    0    0     0    24 3833 10298  25   2  73   0   0   0
   0    0            0      7274404        23168       290464    0    0     0     0 3103 7862  19   2  79   0   0   0
   1    0            0      7282584        23168       290472    0    0     0     0 2925 6887  20   2  78   0   0   0
--procs-- -----------------------memory---------------------- ---swap-- -----io---- -system-- ----------cpu----------
   r    b         swpd         free         buff        cache   si   so    bi    bo   in   cs  us  sy  id  wa  st  gu
   1    0            0      7278096        23168       290480    0    0     0     0 3941 9861  25   3  73   0   0   0
   1    0            0      7272472        23168       290480    0    0     0     0 3819 9608  25   2  73   0   0   0
   1    0            0      7285280        23168       290500    0    0     0    16 2165 4439  14   2  84   0   0   0
   1    0            0      7286580        23168       290504    0    0     0     0 2075 2393  26   0  74   0   0   0
   1    0            0      7288248        23168       290508    0    0     0     0 2207 2548  25   1  74   0   0   0
   1    0            0      7289088        23168       290512    0    0     0     0 2161 2532  25   1  74   0   0   0
   1    0            0      7291824        23168       290532    0    0     0     0 1353 1246  14   1  84   0   0   0
   1    0            0      7286056        23168       290540    0    0     0    36 1921 2142  25   0  75   0   0   0
   1    0            0      7285508        23168       290544    0    0     0     0 1851 2147  25   1  74   0   0   0
   1    0            0      7305388        23168       290548    0    0     0     0 1645 1793  20   1  80   0   0   0
   2    0            0      7289404        23172       290560    0    0     0     0 1548 1454  20   1  79   0   0   0
   2    0            0      7287196        23172       290560    0    0     0     0 2052 2404  25   0  74   0   0   0
   2    0            0      7286552        23172       290600    0    0     0     0 1798 2051  25   1  74   0   0   0
   1    0            0      7290684        23172       290608    0    0     0    20 1211 1166  15   1  84   0   0   0
   3    0            0      7277228        23180       290720    0    0   100     0 2468 1680  40   5  55   0   0   0
   3    0            0      7276976        23192       290724    0    0     0    80 2456 1642  44   5  51   0   0   0
   3    0            0      7276976        23192       290724    0    0     0     0 2297 1395  44   5  51   0   0   0
   3    0            0      7278100        23192       290740    0    0     0     0 1423  948  21   2  77   0   0   0
   3    0            0      7280120        23192       290740    0    0     0    24 2765 2459  43   5  52   0   0   0
   3    0            0      7279448        23192       290744    0    0     0     0 2761 2472  43   5  52   0   0   0
   1    0            0      7304088        23200       290744    0    0     0     0 2378 1999  34   4  62   0   0   0
--procs-- -----------------------memory---------------------- ---swap-- -----io---- -system-- ----------cpu----------
   r    b         swpd         free         buff        cache   si   so    bi    bo   in   cs  us  sy  id  wa  st  gu
   3    0            0      7280800        23200       290768    0    0     0     0 1870 1358  29   4  67   0   0   0
   3    0            0      7279564        23200       290776    0    0     0     0 2608 2162  44   5  52   0   0   0
   3    0            0      7278704        23200       290776    0    0     0   108 2606 2085  44   5  51   0   0   0
