--procs-- -----------------------memory---------------------- ---swap-- -----io---- -system-- ----------cpu----------
   r    b         swpd         free         buff        cache   si   so    bi    bo   in   cs  us  sy  id  wa  st  gu
   3    0            0      5877992        80260      1649720    0    0    70   435  410    1   2   0  98   0   0   0
   1    0            0      5831048        80260      1649824    0    0     0     4 12265 37631  26   6  68   0   0   0
   4    0            0      5827696        80260      1649828    0    0     0  2932 15170 46707  28   6  65   0   0   0
   1    0            0      5819632        80260      1649828    0    0     0     0 14104 39043  28   6  66   0   0   0
   2    0            0      5810640        80260      1649828    0    0     0     0 13767 38951  28   6  66   0   0   0
   1    0            0      5813736        80260      1649828    0    0     0     4 14925 45493  28   6  66   0   0   0
   1    0            0      5816188        80260      1649828    0    0     0     0 13580 37216  29   5  66   0   0   0
   4    0            0      5817296        80260      1649828    0    0     0     0 13301 38133  28   5  66   0   0   0
   1    0            0      5818420        80260      1649828    0    0     0     0 13989 40337  28   6  66   0   0   0
   3    0            0      5819508        80260      1649828    0    0     0     0 15393 47669  29   6  66   0   0   0
   3    0            0      5819452        80260      1649828    0    0     0     0 14474 45169  28   6  66   0   0   0
   1    0            0      5818168        80260      1649828    0    0     0     0 14464 42950  28   6  66   0   0   0
   1    0            0      5816632        80260      1649828    0    0     0     0 13611 38972  28   6  66   0   0   0
   1    0            0      5815760        80260      1649828    0    0     0     0 14293 41874  28   5  67   0   0   0
   1    0            0      5814224        80260      1649828    0    0     0     0 14428 42423  28   6  66   0   0   0
   1    0            0      5813432        80260      1649832    0    0     0     0 14940 45537  29   6  65   0   0   0
   1    0            0      5812320        80260      1649832    0    0     0     0 14644 43097  28   6  65   0   0   0
   1    0            0      5873304        80264      1649836    0    0     0  3396 6146 17466  16   3  81   0   0   0
   1    0            0      5852784        80264      1649868    0    0     0     0 13307 37177  28   6  66   0   0   0
   1    0            0      5837140        80264      1649868    0    0     0     0 13105 34198  28   6  66   0   0   0
   1    0            0      5827904        80264      1649868    0    0     0     0 13233 35682  28   5  67   0   0   0
--procs-- -----------------------memory---------------------- ---swap-- -----io---- -system-- ----------cpu----------
   r    b         swpd         free         buff        cache   si   so    bi    bo   in   cs  us  sy  id  wa  st  gu
   3    0            0      5820904        80264      1649868    0    0     0     0 13910 40356  28   6  66   0   0   0
   1    0            0      5820396        80264      1649868    0    0     0     0 13270 35948  28   5  68   0   0   0
   1    0            0      5819476        80264      1649868    0    0     0     0 13014 34636  28   5  67   0   0   0
   1    0            0      5818776        80264      1649868    0    0     0     0 12896 34398  27   5  68   0   0   0
   5    0            0      5817792        80264      1649868    0    0     0     0 13850 39898  28   5  67   0   0   0
   1    0            0      5817124        80264      1649868    0    0     0     0 12915 33702  28   4  68   0   0   0
   1    0            0      5816616        80264      1649868    0    0     0     0 14067 41907  28   5  67   0   0   0
   1    0            0      5815968        80264      1649868    0    0     0     0 14263 42881  28   5  67   0   0   0
   1    0            0      5814744        80264      1649868    0    0     0     0 13615 39230  28   5  67   0   0   0
   2    0            0      5813620        80264      1649872    0    0     0     0 13514 37042  28   4  68   0   0   0
   2    0            0      5812860        80272      1649876    0    0     0   276 14431 42863  28   6  66   0   0   0
   2    0            0      5811716        80272      1649876    0    0     0     0 13593 40141  28   5  67   0   0   0
   1    0            0      5903264        80272      1649880    0    0     0     0 11609 31624  24   5  72   0   0   0
   5    0            0      5849872        80272      1649920    0    0     0     0 8308 24232  19   4  77   0   0   0
   2    0            0      5852220        80272      1649920    0    0     0     0 14209 43881  28   6  66   0   0   0
   5    0            0      5842576        80272      1649924    0    0     0     4 14423 44557  28   6  66   0   0   0
   2    0            0      5823260        80272      1649924    0    0     0     0 14679 43349  28   6  66   0   0   0
   2    0            0      5822752        80272      1649924    0    0     0     0 13654 38884  28   5  67   0   0   0
   2    0            0      5821832        80272      1649924    0    0     0     0 12711 34077  28   5  67   0   0   0
   3    0            0      5821132        80272      1649924    0    0     0     0 13482 36967  28   5  67   0   0   0
   2    0            0      5820180        80272      1649924    0    0     0     0 13246 37021  28   6  67   0   0   0
--procs-- -----------------------memory---------------------- ---swap-- -----io---- -system-- ----------cpu----------
   r    b         swpd         free         buff        cache   si   so    bi    bo   in   cs  us  sy  id  wa  st  gu
   2    0            0      5819672        80272      1649924    0    0     0     0 13922 41117  28   5  67   0   0   0
   2    0            0      5818248        80272      1649924    0    0     0     0 13398 39114  28   5  67   0   0   0
   2    0            0      5817548        80272      1649928    0    0     0     0 12706 34284  27   5  68   0   0   0
   2    0            0      5816644        80272      1649928    0    0     0     0 13059 36147  28   5  67   0   0   0
   2    0            0      5815644        80272      1649928    0    0     0     0 11956 30267  28   5  67   0   0   0
   2    0            0      5814520        80272      1649928    0    0     0     0 12551 32955  28   5  67   0   0   0
   2    0            0      5813488        80272      1649928    0    0     0     0 13491 37813  28   5  67   0   0   0
   2    0            0      5812868        80272      1649928    0    0     0     0 12929 34535  28   5  67   0   0   0
   0    0            0      5890448        80272      1649936    0    0     0     0 6577 17987  17   3  80   0   0   0
   1    0            0      5847272        80272      1649940    0    0     0    20 14497 44592  27   6  67   0   0   0
   3    0            0      5843220        80272      1649944    0    0     0     0 15400 51712  28   7  65   0   0   0
   1    0            0      5833168        80272      1649944    0    0     0     0 15221 49241  28   7  65   0   0   0
   1    0            0      5825696        80272      1649944    0    0     0     0 15406 49196  29   5  65   0   0   0
   2    0            0      5825056        80272      1649944    0    0     0     0 14435 42024  29   5  66   0   0   0
   1    0            0      5824576        80272      1649944    0    0     0     0 13761 38807  28   6  66   0   0   0
   1    0            0      5824320        80272      1649944    0    0     0     0 14549 45485  29   6  65   0   0   0
   3    0            0      5823460        80272      1649944    0    0     0     0 13020 35438  28   6  66   0   0   0
   1    0            0      5822728        80272      1649948    0    0     0     0 13304 36009  28   6  67   0   0   0
   1    0            0      5822028        80280      1649948    0    0     0    32 14453 43922  29   5  66   0   0   0
   1    0            0      5821156        80280      1649948    0    0     0     0 14408 42447  28   6  66   0   0   0
   1    0            0      5819336        80280      1649948    0    0     0    16 14310 41678  28   6  66   0   0   0
--procs-- -----------------------memory---------------------- ---swap-- -----io---- -system-- ----------cpu----------
   r    b         swpd         free         buff        cache   si   so    bi    bo   in   cs  us  sy  id  wa  st  gu
   1    0            0      5818556        80280      1649952    0    0     0     0 13247 35991  28   6  66   0   0   0
   3    0            0      5816736        80280      1649952    0    0     0     0 13044 35841  28   5  66   0   0   0
   1    0            0      5816116        80280      1649952    0    0     0     0 14284 41884  28   6  66   0   0   0
   1    0            0      5815304        80280      1649952    0    0     0     0 14625 44113  28   6  66   0   0   0
   1    0            0      5868340        80280      1649964    0    0     0    20 6660 21799  16   4  81   0   0   0
   3    0            0      5847832        80280      1649964    0    0     0     0 15403 49178  28   7  65   0   0   0
   1    0            0      5834876        80280      1649968    0    0     0     0 15021 46391  29   6  65   0   0   0
   1    0            0      5824184        80280      1649968    0    0     0     0 13690 36194  29   5  66   0   0   0
   1    0            0      5823288        80280      1649968    0    0     0     0 13966 38259  29   5  67   0   0   0
   1    0            0      5821664        80280      1649968    0    0     0     0 13404 36261  29   5  66   0   0   0
   1    0            0      5820264        80280      1649972    0    0     0     0 13494 36244  28   5  67   0   0   0
   2    0            0      5818832        80280      1649972    0    0     0     0 14381 40839  29   5  66   0   0   0
   1    0            0      5816292        80280      1649972    0    0     0     0 13348 36917  28   5  67   0   0   0
   1    0            0      5814364        80280      1649972    0    0     0     0 12527 32645  28   5  67   0   0   0
   3    0            0      5813456        80280      1649972    0    0     0     0 14576 43942  29   5  66   0   0   0
   2    0            0      5811672        80280      1649972    0    0     0     0 12185 31087  28   5  67   0   0   0
   1    0            0      5809188        80280      1649972    0    0     0     0 13179 33878  28   5  67   0   0   0
   1    0            0      5808080        80280      1649972    0    0     0     0 13969 39028  29   4  67   0   0   0
   2    0            0      5807980        80280      1649972    0    0     0     0 13061 34836  28   4  67   0   0   0
   1    0            0      5807544        80280      1649972    0    0     0    16 13314 35284  28   5  67   0   0   0
   0    0            0      5897324        80280      1649980    0    0     0     0 10053 28555  20   4  76   0   0   0
--procs-- -----------------------memory---------------------- ---swap-- -----io---- -system-- ----------cpu----------
   r    b         swpd         free         buff        cache   si   so    bi    bo   in   cs  us  sy  id  wa  st  gu
   1    0            0      5843232        80284      1649976    0    0     0     0 10459 33212  24   5  71   0   0   0
   1    0            0      5850816        80284      1649988    0    0     0     0 14199 41562  29   6  66   0   0   0
   1    0            0      5840408        80284      1649988    0    0     0     0 13712 37552  28   5  66   0   0   0
   1    0            0      5821248        80284      1649988    0    0     0     0 14409 41782  29   5  66   0   0   0
   1    0            0      5820324        80284      1649992    0    0     0     0 13663 38766  28   5  67   0   0   0
   1    0            0      5819240        80284      1649992    0    0     0     0 13398 36885  28   5  67   0   0   0
   3    0            0      5818284        80292      1649984    0    0     0    36 13706 36591  28   5  67   0   0   0
   1    0            0      5817328        80292      1649984    0    0     0    24 13868 37618  28   5  66   0   0   0
   1    0            0      5815740        80292      1649984    0    0     0     0 12796 33615  28   5  67   0   0   0
   1    0            0      5814116        80292      1649988    0    0     0     0 12821 33946  28   5  67   0   0   0
   1    0            0      5813128        80292      1649988    0    0     0     0 14190 40158  28   5  67   0   0   0
   3    0            0      5811952        80292      1649988    0    0     0     0 14038 39745  28   5  66   0   0   0
   1    0            0      5811080        80292      1649988    0    0     0     0 14718 43057  28   5  67   0   0   0
   1    0            0      5809796        80292      1649988    0    0     0     0 14329 42603  28   5  66   0   0   0
   1    0            0      5809004        80292      1649988    0    0     0    40 14046 39909  29   5  67   0   0   0
   1    0            0      5807728        80292      1649988    0    0     0     0 13618 37374  28   5  67   0   0   0
   1    0            0      5875672        80292      1649996    0    0     0     0 6179 17683  16   3  81   0   0   0
   1    0            0      5862612        80292      1650016    0    0     0     0 14794 45897  28   6  66   0   0   0
   1    0            0      5840428        80292      1650016    0    0     0     0 14099 42733  29   5  66   0   0   0
   1    0            0      5825676        80292      1650016    0    0     0     4 14026 38913  29   5  67   0   0   0
   1    0            0      5819208        80292      1650016    0    0     0     0 13639 37911  28   5  67   0   0   0
--procs-- -----------------------memory---------------------- ---swap-- -----io---- -system-- ----------cpu----------
   r    b         swpd         free         buff        cache   si   so    bi    bo   in   cs  us  sy  id  wa  st  gu
   1    0            0      5817808        80292      1650016    0    0     0     0 11493 28917  28   4  68   0   0   0
   1    0            0      5816188        80292      1650016    0    0     0     0 12805 33581  29   4  67   0   0   0
   1    0            0      5815100        80292      1650016    0    0     0     0 12946 35319  29   4  67   0   0   0
   2    0            0      5813920        80292      1650016    0    0     0     0 13532 37196  28   5  67   0   0   0
   3    0            0      5812044        80292      1650016    0    0     0     0 13062 35025  28   5  66   0   0   0
   1    0            0      5811340        80292      1650016    0    0     0     0 13940 38340  28   5  67   0   0   0
   3    0            0      5810908        80292      1650016    0    0     0     0 13725 37819  29   4  67   0   0   0
   1    0            0      5811940        80292      1650016    0    0     0     0 13530 38144  28   5  67   0   0   0
   1    0            0      5811208        80292      1650016    0    0     0     0 13037 34774  29   4  67   0   0   0
   1    0            0      5810148        80292      1650016    0    0     0     0 14131 40604  29   5  66   0   0   0
   1    0            0      5809692        80292      1650016    0    0     0     0 12877 35865  28   5  68   0   0   0
   0    0            0      5895548        80292      1650028    0    0     0     0 12813 36132  27   4  68   0   0   0
   2    0            0      5846424        80292      1650032    0    0     0     0 7959 27907  17   4  79   0   0   0
   1    0            0      5856100        80292      1650036    0    0     0    24 14737 48723  29   6  65   0   0   0
   1    0            0      5841128        80292      1650036    0    0     0     0 14207 39858  29   5  66   0   0   0
   1    0            0      5822936        80292      1650036    0    0     0     0 14071 38043  29   5  66   0   0   0
   1    0            0      5821444        80296      1650036    0    0     0    36 15014 47080  29   5  66   0   0   0
   2    0            0      5820016        80296      1650036    0    0     0     0 14601 41922  29   5  66   0   0   0
   1    0            0      5818424        80296      1650036    0    0     0     0 14031 39347  29   5  66   0   0   0
   1    0            0      5816832        80296      1650036    0    0     0     0 13950 37800  28   5  67   0   0   0
   3    0            0      5814836        80296      1650040    0    0     0     0 14076 41724  29   5  66   0   0   0
--procs-- -----------------------memory---------------------- ---swap-- -----io---- -system-- ----------cpu----------
   r    b         swpd         free         buff        cache   si   so    bi    bo   in   cs  us  sy  id  wa  st  gu
   1    0            0      5813496        80296      1650040    0    0     0     0 13834 38259  28   5  66   0   0   0
   1    0            0      5811680        80296      1650040    0    0     0     0 12969 35864  29   4  67   0   0   0
   1    0            0      5810216        80296      1650040    0    0     0     0 14397 40728  29   5  66   0   0   0
   3    0            0      5808452        80296      1650040    0    0     0     0 13765 38258  28   6  66   0   0   0
   4    0            0      5806940        80296      1650040    0    0     0     0 14371 42444  29   5  66   0   0   0
   4    0            0      5805460        80296      1650044    0    0     0     0 13745 36677  29   5  66   0   0   0
   1    0            0      5803028        80296      1650044    0    0     0     0 12777 32551  28   5  67   0   0   0
   1    0            0      5885908        80296      1650044    0    0     0    48 7840 20403  17   4  79   0   0   0
   3    0            0      5837036        80296      1650056    0    0     0     0 12577 39288  26   5  69   0   0   0
   2    0            0      5834824        80296      1650056    0    0     0     0 14463 47979  28   7  65   0   0   0
   1    0            0      5826592        80296      1650060    0    0     0     0 14118 39725  28   6  66   0   0   0
   1    0            0      5815092        80296      1650060    0    0     0     0 12567 32604  28   5  67   0   0   0
   1    0            0      5818244        80296      1650060    0    0     0     0 14098 42267  28   5  67   0   0   0
   1    0            0      5818968        80296      1650060    0    0     0     0 13709 37860  29   5  66   0   0   0
   1    0            0      5820768        80296      1650060    0    0     0     0 13378 36810  28   5  66   0   0   0
   1    0            0      5821800        80296      1650060    0    0     0     0 13237 36451  28   5  67   0   0   0
   1    0            0      5821616        80296      1650060    0    0     0     0 13831 39118  28   5  67   0   0   0
   1    0            0      5821240        80296      1650060    0    0     0     0 12878 33351  28   5  67   0   0   0
   2    0            0      5820104        80296      1650060    0    0     0     0 14273 39853  29   6  66   0   0   0
   3    0            0      5819852        80296      1650064    0    0     0     0 14178 41417  28   5  66   0   0   0
   1    0            0      5819448        80296      1650064    0    0     0     0 13520 37697  28   6  66   0   0   0
--procs-- -----------------------memory---------------------- ---swap-- -----io---- -system-- ----------cpu----------
   r    b         swpd         free         buff        cache   si   so    bi    bo   in   cs  us  sy  id  wa  st  gu
   1    0            0      5819004        80296      1650064    0    0     0     0 14251 42555  28   5  66   0   0   0
   1    0            0      5817676        80296      1650064    0    0     0     0 14115 40027  28   5  66   0   0   0
   4    0            0      5817744        80296      1650064    0    0     0    16 13545 36190  28   6  66   0   0   0
   1    0            0      5861128        80300      1650068    0    0     0     0 5767 16825  14   3  82   0   0   0
   1    0            0      5833120        80304      1650072    0    0     0    40 14325 46131  28   6  66   0   0   0
   1    0            0      5810888        80304      1650092    0    0     0     0 12998 35983  28   5  67   0   0   0
   1    0            0      5801620        80304      1650092    0    0     0     0 11495 29142  27   5  68   0   0   0
   1    0            0      5797256        80304      1650092    0    0     0     0 12973 35118  28   5  68   0   0   0
   3    0            0      5800280        80304      1650092    0    0     0     0 12792 33514  28   5  67   0   0   0
   1    0            0      5802992        80304      1650096    0    0     0     0 12136 30792  28   4  68   0   0   0
   1    0            0      5804760        80304      1650096    0    0     0     0 11634 28669  28   4  69   0   0   0
   1    0            0      5806620        80304      1650096    0    0     0     0 12685 32916  28   5  68   0   0   0
   1    0            0      5808576        80304      1650096    0    0     0     0 13243 34983  28   4  67   0   0   0
   1    0            0      5809156        80304      1650100    0    0     0     0 13255 35732  28   5  67   0   0   0
   3    0            0      5809196        80304      1650100    0    0     0     0 13036 35856  28   4  67   0   0   0
   1    0            0      5808744        80304      1650100    0    0     0     0 13679 39397  28   4  67   0   0   0
   1    0            0      5808680        80304      1650100    0    0     0     0 12264 31225  28   4  68   0   0   0
   1    0            0      5807980        80308      1650096    0    0     0    36 12983 34738  28   5  67   0   0   0
   1    0            0      5808048        80308      1650100    0    0     0     0 12562 33513  28   5  67   0   0   0
   0    0            0      5885760        80308      1650104    0    0     0     0 10718 30973  23   4  73   0   0   0
   1    0            0      5849624        80308      1650140    0    0     0     0 8617 26601  20   4  76   0   0   0
--procs-- -----------------------memory---------------------- ---swap-- -----io---- -system-- ----------cpu----------
   r    b         swpd         free         buff        cache   si   so    bi    bo   in   cs  us  sy  id  wa  st  gu
   2    0            0      5851484        80308      1650144    0    0     0     0 13114 37536  28   5  67   0   0   0
   1    0            0      5831836        80308      1650148    0    0     0     4 13854 40337  28   6  66   0   0   0
   2    0            0      5809800        80308      1650148    0    0     0     0 12383 31118  28   5  68   0   0   0
   1    0            0      5809280        80308      1650148    0    0     0     0 12609 33392  27   5  68   0   0   0
   1    0            0      5812072        80308      1650148    0    0     0     0 12545 32713  28   5  68   0   0   0
   1    0            0      5814540        80308      1650148    0    0     0     0 11133 28325  27   5  68   0   0   0
   3    0            0      5816592        80308      1650152    0    0     0     0 10457 24427  28   4  68   0   0   0
   1    0            0      5817852        80308      1650152    0    0     0     0 12413 32728  28   5  67   0   0   0
   1    0            0      5819108        80308      1650152    0    0     0     0 13054 35082  28   5  67   0   0   0
   1    0            0      5818140        80308      1650152    0    0     0     0 12013 30855  28   5  68   0   0   0
   1    0            0      5818044        80308      1650152    0    0     0     0 12088 33767  28   4  68   0   0   0
   1    0            0      5818108        80308      1650152    0    0     0     0 12417 32535  28   5  67   0   0   0
   3    0            0      5817636        80308      1650152    0    0     0     0 12034 32696  28   4  68   0   0   0
   1    0            0      5817004        80308      1650152    0    0     0     0 13008 35221  28   5  67   0   0   0
   1    0            0      5817040        80312      1650152    0    0     0    44 11952 29890  28   5  68   0   0   0
   0    0            0      5870348        80312      1650176    0    0     0    32 5843 14395  16   4  81   0   0   0
   3    0            0      5841184        80312      1650176    0    0     0     0 13566 46332  27   6  67   0   0   0
   1    0            0      5835120        80312      1650180    0    0     0    24 14890 48206  28   7  65   0   0   0
   1    0            0      5818768        80312      1650180    0    0     0     0 13777 38199  29   5  67   0   0   0
   1    0            0      5813464        80312      1650180    0    0     0     0 14579 43773  29   6  66   0   0   0
   1    0            0      5816568        80312      1650188    0    0     0     0 14398 42395  28   6  66   0   0   0
--procs-- -----------------------memory---------------------- ---swap-- -----io---- -system-- ----------cpu----------
   r    b         swpd         free         buff        cache   si   so    bi    bo   in   cs  us  sy  id  wa  st  gu
   1    0            0      5817928        80312      1650188    0    0     0     0 13480 37984  28   5  67   0   0   0
   2    0            0      5819220        80312      1650188    0    0     0     0 13126 37362  28   5  66   0   0   0
   4    0            0      5820732        80312      1650188    0    0     0     0 14050 39683  28   6  66   0   0   0
   1    0            0      5820548        80312      1650188    0    0     0     0 13453 36600  29   5  66   0   0   0
   3    0            0      5819696        80312      1650188    0    0     0     0 13575 38038  29   5  67   0   0   0
   1    0            0      5819380        80312      1650188    0    0     0     0 13583 36668  28   6  66   0   0   0
   1    0            0      5818968        80316      1650184    0    0     0    20 13731 39936  28   6  66   0   0   0
   1    0            0      5818556        80316      1650188    0    0     0     0 13149 35813  28   5  67   0   0   0
   1    0            0      5817924        80320      1650184    0    0     0    64 12946 36443  28   5  67   0   0   0
   1    0            0      5816412        80320      1650196    0    0     0     0 12597 34361  29   5  66   0   0   0
   1    0            0      5815972        80320      1650196    0    0     0     0 13274 35573  28   5  67   0   0   0
   1    0            0      5858440        80320      1650196    0    0     0    24 3151 6619  14   2  84   0   0   0
   1    0            0      5852608        80320      1650212    0    0     0     0 5088 10151  25   3  72   0   0   0
   1    0            0      5852368        80320      1650212    0    0     0     0 4990 10081  25   2  73   0   0   0
   1    0            0      5849136        80320      1650216    0    0     0     0 5070 10152  25   2  73   0   0   0
   1    0            0      5849008        80320      1650216    0    0     0     0 5143 10394  25   2  73   0   0   0
   1    0            0      5848836        80320      1650216    0    0     0     0 5230 10301  25   3  73   0   0   0
   1    0            0      5847612        80320      1650216    0    0     0     0 5214 10412  25   2  73   0   0   0
   1    0            0      5845528        80320      1650216    0    0     0     0 5140 10454  25   2  73   0   0   0
   1    0            0      5842352        80320      1650216    0    0     0     0 5198 10482  25   3  72   0   0   0
   1    0            0      5839636        80320      1650216    0    0     0     0 5106 10538  25   2  73   0   0   0
--procs-- -----------------------memory---------------------- ---swap-- -----io---- -system-- ----------cpu----------
   r    b         swpd         free         buff        cache   si   so    bi    bo   in   cs  us  sy  id  wa  st  gu
   1    0            0      5837460        80320      1650216    0    0     0     0 5145 10488  25   2  73   0   0   0
   1    0            0      5834628        80320      1650216    0    0     0     0 4980 10286  25   2  73   0   0   0
   1    0            0      5832200        80320      1650216    0    0     0     0 5054 10336  25   2  73   0   0   0
   1    0            0      5829800        80320      1650216    0    0     0     0 5319 10534  25   2  73   0   0   0
   1    0            0      5827120        80320      1650216    0    0     0     0 5186 10340  25   2  73   0   0   0
   1    0            0      5829204        80320      1650216    0    0     0    16 5240 10724  25   2  73   0   0   0
   0    0            0      5883540        80320      1650220    0    0     0     0 3998 7900  18   2  80   0   0   0
   1    0            0      5872232        80324      1650232    0    0     0     0 3762 6874  21   2  77   0   0   0
   1    0            0      5868696        80324      1650236    0    0     0     0 5052 10150  25   3  73   0   0   0
   1    0            0      5860836        80324      1650240    0    0     0     0 4991 10033  25   2  73   0   0   0
   1    0            0      5855084        80324      1650240    0    0     0     0 5161 10267  25   2  73   0   0   0
   1    0            0      5853092        80324      1650240    0    0     0     0 5251 10479  25   2  73   0   0   0
   1    0            0      5850340        80324      1650240    0    0     0     0 5059 10305  25   2  73   0   0   0
   2    0            0      5847352        80324      1650240    0    0     0     0 5052 10500  26   2  72   0   0   0
   1    0            0      5844880        80324      1650240    0    0     0     0 5012 10395  25   2  73   0   0   0
   1    0            0      5842208        80324      1650240    0    0     0     0 5141 10454  25   2  73   0   0   0
   1    0            0      5839132        80324      1650240    0    0     0    20 5251 10382  25   2  73   0   0   0
   1    0            0      5836832        80332      1650240    0    0     0    48 5153 10272  25   2  73   0   0   0
   1    0            0      5833876        80332      1650240    0    0     0    48 5204 10332  25   2  73   0   0   0
   5    0            0      5831796        80332      1650240    0    0     0     0 5170 10210  25   2  73   0   0   0
   2    0            0      5829168        80332      1650240    0    0     0     0 5302 10236  25   2  73   0   0   0
--procs-- -----------------------memory---------------------- ---swap-- -----io---- -system-- ----------cpu----------
   r    b         swpd         free         buff        cache   si   so    bi    bo   in   cs  us  sy  id  wa  st  gu
   1    0            0      5826536        80332      1650240    0    0     0    16 5243 10299  25   2  73   0   0   0
   1    0            0      5827316        80332      1650244    0    0     0     0 5169 10192  25   2  73   0   0   0
   1    0            0      5877156        80332      1650252    0    0     0     0 2672 4443  14   2  84   0   0   0
   2    0            0      5875140        80332      1650260    0    0     0     0 5071 9918  25   2  73   0   0   0
   1    0            0      5863876        80332      1650260    0    0     0     0 4939 9932  25   2  73   0   0   0
   1    0            0      5855840        80332      1650260    0    0     0     4 4996 10061  25   2  73   0   0   0
   1    0            0      5853820        80332      1650260    0    0     0     0 5085 10130  25   3  72   0   0   0
   1    0            0      5851280        80332      1650260    0    0     0     0 5136 10214  26   2  73   0   0   0
   1    0            0      5848872        80332      1650260    0    0     0     0 5127 10223  25   2  73   0   0   0
   1    0            0      5846148        80332      1650260    0    0     0     0 5178 10344  25   2  73   0   0   0
   1    0            0      5843860        80332      1650260    0    0     0     0 5175 10313  26   2  73   0   0   0
   1    0            0      5841268        80332      1650260    0    0     0     0 5045 10219  25   2  73   0   0   0
   1    0            0      5838504        80332      1650260    0    0     0     0 5025 10219  25   2  73   0   0   0
   1    0            0      5835200        80332      1650260    0    0     0     0 5161 10220  25   2  73   0   0   0
   1    0            0      5832640        80332      1650260    0    0     0     0 5162 10140  26   2  73   0   0   0
   1    0            0      5830384        80332      1650264    0    0     0     0 5152 10100  25   2  73   0   0   0
   1    0            0      5827564        80332      1650264    0    0     0     0 5226 10152  25   2  73   0   0   0
   1    0            0      5825464        80332      1650264    0    0     0     0 5180 10255  25   2  73   0   0   0
   0    0            0      5882508        80332      1650268    0    0     0     0 5058 9675  23   2  75   0   0   0
   1    0            0      5873284        80340      1650276    0    0     0    60 2826 5191  16   2  82   0   0   0
   1    0            0      5860248        80340      1650284    0    0     0    20 4986 10149  25   2  72   0   0   0
--procs-- -----------------------memory---------------------- ---swap-- -----io---- -system-- ----------cpu----------
   r    b         swpd         free         buff        cache   si   so    bi    bo   in   cs  us  sy  id  wa  st  gu
   1    0            0      5856728        80340      1650284    0    0     0     0 4866 9748  25   2  73   0   0   0
   1    0            0      5854416        80340      1650284    0    0     0     0 5119 10263  25   3  72   0   0   0
   1    0            0      5851676        80340      1650284    0    0     0     0 4987 10107  25   3  72   0   0   0
   1    0            0      5848340        80340      1650284    0    0     0     0 5016 10130  25   2  73   0   0   0
   1    0            0      5846076        80340      1650284    0    0     0     0 4984 10223  25   2  73   0   0   0
   1    0            0      5843624        80340      1650284    0    0     0     0 5001 10249  25   1  74   0   0   0
   1    0            0      5840360        80340      1650284    0    0     0     0 5100 10222  25   2  73   0   0   0
   1    0            0      5837796        80340      1650284    0    0     0     0 5168 10287  25   3  72   0   0   0
   1    0            0      5835996        80340      1650284    0    0     0     0 5137 10273  25   2  73   0   0   0
   1    0            0      5832648        80340      1650288    0    0     0    24 5190 10378  25   2  73   0   0   0
   1    0            0      5830240        80340      1650288    0    0     0     0 5163 10542  25   2  73   0   0   0
   1    0            0      5827696        80340      1650288    0    0     0     0 5248 10436  25   2  73   0   0   0
   1    0            0      5824928        80340      1650288    0    0     0     0 5126 10184  25   2  73   0   0   0
   1    0            0      5826544        80340      1650288    0    0     0     0 5198 10054  26   2  73   0   0   0
   1    0            0      5882288        80340      1650292    0    0     0    24 3171 5685  16   2  82   0   0   0
   1    0            0      5876704        80340      1650308    0    0     0     0 1961 2184  24   1  76   0   0   0
   1    0            0      5880000        80348      1650312    0    0     0     0 2233 2624  26   1  74   0   0   0
   1    0            0      5878648        80348      1650312    0    0     0     0 2141 2475  25   1  74   0   0   0
   1    0            0      5877480        80348      1650312    0    0     0     0 2130 2427  26   0  74   0   0   0
   1    0            0      5873572        80348      1650312    0    0     0     0 2145 2461  25   1  74   0   0   0
   1    0            0      5873448        80348      1650312    0    0     0     0 2164 2464  25   1  74   0   0   0
--procs-- -----------------------memory---------------------- ---swap-- -----io---- -system-- ----------cpu----------
   r    b         swpd         free         buff        cache   si   so    bi    bo   in   cs  us  sy  id  wa  st  gu
   1    0            0      5873448        80348      1650312    0    0     0     0 2185 2542  25   1  74   0   0   0
   1    0            0      5865460        80348      1650312    0    0     0     0 2180 2561  25   1  74   0   0   0
   1    0            0      5865384        80348      1650316    0    0     0     0 2193 2541  25   1  74   0   0   0
   1    0            0      5865384        80348      1650316    0    0     0     0 2219 2570  25   1  74   0   0   0
   1    0            0      5865384        80348      1650316    0    0     0     0 2227 2536  25   1  74   0   0   0
   1    0            0      5865384        80348      1650316    0    0     0     0 2180 2623  25   1  74   0   0   0
   1    0            0      5865384        80348      1650316    0    0     0     0 2201 2570  25   1  74   0   0   0
   1    0            0      5857320        80352      1650316    0    0     0  2084 2289 2704  25   1  74   0   0   0
   1    0            0      5857352        80352      1650320    0    0     0     0 2272 2718  25   1  74   0   0   0
   3    0            0      5849288        80352      1650320    0    0     0    16 2210 2700  25   0  74   0   0   0
   1    0            0      5875936        80356      1650324    0    0     0     0 1428 1417  15   1  84   0   0   0
   1    0            0      5874984        80356      1650332    0    0     0     0 2177 2589  25   1  74   0   0   0
   2    0            0      5874836        80356      1650348    0    0     0     0 2099 2401  25   1  74   0   0   0
   1    0            0      5874836        80356      1650348    0    0     0     0 2129 2484  25   0  74   0   0   0
   1    0            0      5874836        80356      1650348    0    0     0     0 2116 2434  25   1  74   0   0   0
   1    0            0      5874584        80356      1650348    0    0     0     0 2130 2422  25   0  74   0   0   0
   1    0            0      5874240        80356      1650348    0    0     0     0 2206 2531  25   1  74   0   0   0
   1    0            0      5872316        80356      1650352    0    0     0     0 2131 2466  25   1  74   0   0   0
   1    0            0      5871308        80356      1650352    0    0     0     0 2160 2572  25   0  75   0   0   0
   1    0            0      5869416        80356      1650352    0    0     0    20 2187 2605  25   1  74   0   0   0
   1    0            0      5867276        80356      1650352    0    0     0     0 2263 2699  25   1  74   0   0   0
--procs-- -----------------------memory---------------------- ---swap-- -----io---- -system-- ----------cpu----------
   r    b         swpd         free         buff        cache   si   so    bi    bo   in   cs  us  sy  id  wa  st  gu
   1    0            0      5867276        80356      1650352    0    0     0     0 2320 2847  25   1  74   0   0   0
   1    0            0      5863320        80356      1650352    0    0     0     0 2297 2862  25   1  74   0   0   0
   1    0            0      5859212        80356      1650352    0    0     0     0 2285 2828  25   1  74   0   0   0
   1    0            0      5859212        80356      1650352    0    0     0    20 2375 2990  26   0  74   0   0   0
   1    0            0      5859212        80356      1650352    0    0     0     0 2278 2840  25   1  74   0   0   0
   0    0            0      5907188        80356      1650352    0    0     0     0 2219 2686  22   1  77   0   0   0
   2    0            0      5883056        80356      1650364    0    0     0     0 1453 1410  18   1  81   0   0   0
   1    0            0      5882472        80356      1650364    0    0     0     0 2267 2667  25   1  74   0   0   0
   1    0            0      5882472        80356      1650400    0    0     0     4 2110 2415  25   1  74   0   0   0
   1    0            0      5882300        80356      1650400    0    0     0     0 2116 2356  25   0  74   0   0   0
   1    0            0      5881464        80356      1650404    0    0     0     0 2091 2368  25   1  74   0   0   0
   1    0            0      5879240        80356      1650404    0    0     0     0 2202 2455  25   1  74   0   0   0
   1    0            0      5876928        80356      1650404    0    0     0     0 2133 2403  25   1  74   0   0   0
   1    0            0      5874912        80356      1650404    0    0     0     0 2146 2368  25   1  74   0   0   0
   1    0            0      5874912        80356      1650404    0    0     0     0 2087 2280  25   1  74   0   0   0
   1    0            0      5870880        80356      1650404    0    0     0     0 2201 2507  25   1  74   0   0   0
   1    0            0      5866848        80356      1650404    0    0     0    60 2159 2523  25   1  74   0   0   0
   1    0            0      5866848        80360      1650404    0    0     0    24 2198 2626  25   0  74   0   0   0
   1    0            0      5866848        80360      1650404    0    0     0     0 2190 2677  25   1  74   0   0   0
   1    0            0      5866848        80360      1650404    0    0     0     0 2223 2703  25   1  74   0   0   0
   1    0            0      5866848        80360      1650408    0    0     0     0 2152 2596  25   1  74   0   0   0
--procs-- -----------------------memory---------------------- ---swap-- -----io---- -system-- ----------cpu----------
   r    b         swpd         free         buff        cache   si   so    bi    bo   in   cs  us  sy  id  wa  st  gu
   1    0            0      5866848        80360      1650408    0    0     0     0 2211 2685  26   1  74   0   0   0
   1    0            0      5888348        80360      1650408    0    0     0     0 1539 1654  16   1  83   0   0   0
   1    0            0      5879472        80360      1650420    0    0     0     0 2052 2253  24   1  76   0   0   0
   1    0            0      5881068        80360      1650428    0    0     0    20 2241 2634  25   1  74   0   0   0
   1    0            0      5880564        80360      1650428    0    0     0     0 2095 2438  25   1  74   0   0   0
   1    0            0      5879704        80360      1650428    0    0     0     0 2093 2419  25   0  75   0   0   0
   1    0            0      5877540        80360      1650428    0    0     0     0 2195 2479  25   1  74   0   0   0
   1    0            0      5877540        80360      1650428    0    0     0     0 2184 2500  25   1  74   0   0   0
   1    0            0      5877368        80360      1650428    0    0     0    20 2139 2463  25   0  74   0   0   0
   1    0            0      5876784        80360      1650428    0    0     0     0 2149 2464  25   1  74   0   0   0
   1    0            0      5871892        80360      1650428    0    0     0     0 2207 2531  25   0  74   0   0   0
   1    0            0      5871744        80360      1650428    0    0     0     0 2134 2418  25   1  74   0   0   0
   1    0            0      5869728        80360      1650428    0    0     0     0 2171 2553  25   1  74   0   0   0
   1    0            0      5869728        80360      1650428    0    0     0     0 2209 2570  25   1  74   0   0   0
   1    0            0      5869728        80360      1650428    0    0     0     0 2271 2727  25   1  74   0   0   0
   1    0            0      5865696        80360      1650428    0    0     0     0 2211 2641  25   1  74   0   0   0
   1    0            0      5857632        80360      1650428    0    0     0     0 2328 2834  25   1  74   0   0   0
   1    0            0      5857632        80360      1650428    0    0     0     0 2251 2734  25   1  74   0   0   0
   2    0            0      5863416        80360      1650444    0    0     0    20 1353 1082  17   2  81   0   0   0
   2    0            0      5863376        80360      1650444    0    0     0     0 2150 1351  45   5  50   0   0   0
   2    0            0      5863376        80360      1650444    0    0     0     0 2241 1326  44   5  51   0   0   0
--procs-- -----------------------memory---------------------- ---swap-- -----io---- -system-- ----------cpu----------
   r    b         swpd         free         buff        cache   si   so    bi    bo   in   cs  us  sy  id  wa  st  gu
   2    0            0      5862480        80360      1650444    0    0     0     0 2259 1366  45   5  51   0   0   0
   2    0            0      5861392        80360      1650444    0    0     0     0 2190 1304  45   5  51   0   0   0
   2    0            0      5860464        80360      1650444    0    0     0     0 2163 1231  44   5  51   0   0   0
   2    0            0      5859376        80360      1650444    0    0     0     0 2184 1265  45   5  50   0   0   0
   2    0            0      5858448        80360      1650444    0    0     0     0 2219 1342  44   5  51   0   0   0
   2    0            0      5858264        80364      1650440    0    0     0    72 2261 1351  45   5  51   0   0   0
   2    0            0      5858420        80364      1650448    0    0     0   776 2269 1356  44   6  50   0   0   0
   2    0            0      5858044        80364      1650448    0    0     0     0 2262 1275  45   4  51   0   0   0
   1    0            0      5857508        80364      1650448    0    0     0     0 2176 1310  45   5  51   0   0   0
   2    0            0      5857352        80364      1650452    0    0     0     0 2226 1288  45   5  50   0   0   0
   2    0            0      5857024        80364      1650452    0    0     0     0 2170 1293  44   5  50   0   0   0
   2    0            0      5856660        80364      1650456    0    0     0     0 2226 1327  44   5  51   0   0   0
   2    0            0      5856344        80364      1650456    0    0     0    16 2204 1305  45   5  51   0   0   0
   0    0            0      5884496        80364      1650456    0    0     0     0 2170 1168  41   5  55   0   0   0
   2    0            0      5853200        80368      1650468    0    0     0     0 1354  821  22   3  75   0   0   0
   2    0            0      5852032        80368      1650476    0    0     0     0 2553 1757  44   5  51   0   0   0
   2    0            0      5850688        80368      1650476    0    0     0     0 2479 1799  45   4  51   0   0   0
   2    0            0      5849568        80368      1650476    0    0     0    12 2561 1827  45   4  51   0   0   0
   2    0            0      5848000        80368      1650476    0    0     0     0 2470 1815  44   5  51   0   0   0
   2    0            0      5846656        80368      1650476    0    0     0     0 2442 1571  45   4  51   0   0   0
   2    0            0      5845536        80368      1650476    0    0     0     0 2534 1794  44   5  51   0   0   0
--procs-- -----------------------memory---------------------- ---swap-- -----io---- -system-- ----------cpu----------
   r    b         swpd         free         buff        cache   si   so    bi    bo   in   cs  us  sy  id  wa  st  gu
   2    0            0      5844192        80368      1650476    0    0     0     0 2583 1785  43   6  51   0   0   0
   2    0            0      5844000        80368      1650476    0    0     0     0 2630 1859  44   5  51   0   0   0
   2    0            0      5846092        80368      1650476    0    0     0     8 2632 1913  44   5  51   0   0   0
   2    0            0      5846476        80368      1650480    0    0     0     0 2567 1785  44   4  51   0   0   0
   2    0            0      5846380        80368      1650480    0    0     0     0 2490 1656  45   4  51   0   0   0
   2    0            0      5846604        80368      1650480    0    0     0     0 2528 1799  44   4  52   0   0   0
   2    0            0      5846476        80368      1650480    0    0     0     0 2490 1653  44   5  51   0   0   0
   2    0            0      5846540        80372      1650476    0    0     0    20 2608 1951  44   5  51   0   0   0
   2    0            0      5846732        80372      1650480    0    0     0     0 2604 1919  44   5  51   0   0   0
   0    0            0      5882320        80372      1650480    0    0     0     0 1886 1287  30   4  66   0   0   0
   2    0            0      5856108        80372      1650492    0    0     0     0 1837 1189  31   4  64   0   0   0
   2    0            0      5854764        80372      1650492    0    0     0     0 2509 1668  44   5  51   0   0   0
   2    0            0      5853644        80372      1650492    0    0     0     0 2404 1564  44   5  51   0   0   0
   1    0            0      5852300        80372      1650492    0    0     0     0 2387 1628  44   5  51   0   0   0
   2    0            0      5851180        80372      1650492    0    0     0     0 2271 1566  44   5  51   0   0   0
   1    0            0      5849868        80376      1650492    0    0     0   128 2275 1473  45   4  51   0   0   0
   2    0            0      5848940        80376      1650492    0    0     0     0 2482 1661  44   5  51   0   0   0
   2    0            0      5847372        80376      1650492    0    0     0     0 2407 1607  44   5  51   0   0   0
   2    0            0      5848500        80376      1650492    0    0     0     0 2429 1671  44   5  51   0   0   0
   2    0            0      5849428        80376      1650496    0    0     0     0 2363 1649  44   5  51   0   0   0
   2    0            0      5849588        80376      1650500    0    0     0     0 2395 1644  44   5  51   0   0   0
--procs-- -----------------------memory---------------------- ---swap-- -----io---- -system-- ----------cpu----------
   r    b         swpd         free         buff        cache   si   so    bi    bo   in   cs  us  sy  id  wa  st  gu
   2    0            0      5849300        80376      1650500    0    0     0     0 2416 1647  44   5  51   0   0   0
   2    0            0      5849236        80376      1650500    0    0     0     0 2410 1523  44   5  51   0   0   0
   2    0            0      5849556        80376      1650500    0    0     0     0 2370 1540  44   5  51   0   0   0
   2    0            0      5849332        80376      1650500    0    0     0     0 2285 1533  44   5  51   0   0   0
   2    0            0      5849300        80376      1650500    0    0     0     0 2403 1558  44   5  51   0   0   0
   1    0            0      5844712        80376      1650504    0    0     0     0 1388  781  23   3  74   0   0   0
   2    0            0      5847156        80380      1650520    0    0     0    20 1984 1173  39   5  56   0   0   0
   2    0            0      5846228        80380      1650520    0    0     0     0 2197 1199  45   5  50   0   0   0
   2    0            0      5845332        80380      1650520    0    0     0     0 2183 1201  45   5  51   0   0   0
   2    0            0      5844572        80380      1650520    0    0     0     0 2181 1171  45   5  51   0   0   0
   2    0            0      5843676        80380      1650520    0    0     0     0 2152 1131  45   5  50   0   0   0
   2    0            0      5845936        80380      1650520    0    0     0    12 2193 1185  44   5  50   0   0   0
   2    0            0      5844728        80380      1650524    0    0     0     0 2159 1171  45   5  50   0   0   0
   2    0            0      5846256        80380      1650524    0    0     0     0 2115 1093  45   5  51   0   0   0
   2    0            0      5846220        80380      1650524    0    0     0     0 2148 1144  44   6  50   0   0   0
   2    0            0      5848152        80380      1650524    0    0     0     0 2109  986  45   5  50   0   0   0
   2    0            0      5848060        80380      1650524    0    0     0     8 2147  953  45   5  50   0   0   0
   2    0            0      5849668        80380      1650524    0    0     0     0 2128 1076  45   5  50   0   0   0
   2    0            0      5849004        80380      1650524    0    0     0     0 2098 1053  45   5  50   0   0   0
   2    0            0      5850652        80380      1650524    0    0     0     0 2199 1147  44   5  50   0   0   0
   2    0            0      5850272        80380      1650524    0    0     0     0 2124 1173  45   4  51   0   0   0
--procs-- -----------------------memory---------------------- ---swap-- -----io---- -system-- ----------cpu----------
   r    b         swpd         free         buff        cache   si   so    bi    bo   in   cs  us  sy  id  wa  st  gu
   2    0            0      5851288        80380      1650524    0    0     0     0 2151 1164  45   4  50   0   0   0
