--procs-- -----------------------memory---------------------- ---swap-- -----io---- -system-- ----------cpu----------
   r    b         swpd         free         buff        cache   si   so    bi    bo   in   cs  us  sy  id  wa  st  gu
   3    0            0      7250820        23320       295600    0    0  1973   251 2058   11   7   2  90   1   0   0
   1    0            0      7280580        23320       296792    0    0    64     0 2071 2188  22   3  75   0   0   0
   1    0            0      7267332        23320       296812    0    0     0     0 2631 3139  23   4  73   0   0   0
   2    0            0      7271172        23320       296816    0    0     0     0 2476 2917  24   3  73   0   0   0
   1    0            0      7262524        23320       296816    0    0     0     0 2504 2977  24   4  73   0   0   0
   1    0            0      7257548        23320       296820    0    0     0    48 2563 3081  23   4  73   0   0   0
   1    0            0      7246744        23320       296820    0    0     0     0 2538 3032  24   3  73   0   0   0
   1    0            0      7242664        23320       296824    0    0     0     0 2480 2990  24   3  73   0   0   0
   1    0            0      7241556        23320       296824    0    0     0     0 2547 3097  23   4  73   0   0   0
   1    0            0      7243188        23320       296828    0    0     0     0 2492 3054  23   3  74   0   0   0
   1    0            0      7245052        23320       296828    0    0     0    16 2474 2988  23   4  73   0   0   0
   1    0            0      7241120        23320       296832    0    0     0     0 2532 3038  23   4  73   0   0   0
   2    0            0      7280732        23320       296860    0    0     0  1024 1579 1633  14   2  84   0   0   0
   1    0            0      7286924        23320       296860    0    0     0     0 2235 2395  23   4  73   0   0   0
   1    0            0      7282776        23320       296868    0    0     0     0 2275 2314  24   3  73   0   0   0
   1    0            0      7276792        23320       296872    0    0     0  3896 2477 2883  24   3  73   0   0   0
   1    0            0      7269636        23320       296872    0    0     0     4 2397 2876  24   3  74   0   0   0
   3    0            0      7265264        23320       296876    0    0     0     0 2356 2819  24   3  73   0   0   0
   1    0            0      7258480        23320       296876    0    0     0     0 2311 2660  24   3  73   0   0   0
   1    0            0      7249212        23320       296880    0    0     0     0 2377 2876  24   3  73   0   0   0
   1    0            0      7243212        23320       296880    0    0     0    28 2391 2958  24   3  73   0   0   0
--procs-- -----------------------memory---------------------- ---swap-- -----io---- -system-- ----------cpu----------
   r    b         swpd         free         buff        cache   si   so    bi    bo   in   cs  us  sy  id  wa  st  gu
   1    0            0      7241068        23320       296884    0    0     0     0 2289 2743  24   3  73   0   0   0
   1    0            0      7239472        23320       296884    0    0     0     0 2307 2704  24   3  73   0   0   0
   1    0            0      7240048        23320       296888    0    0     0     0 2314 2682  24   3  73   0   0   0
   1    0            0      7286836        23320       296904    0    0     0  1024 2467 3374  13   4  83   0   0   0
   2    0            0      7281320        23320       296944    0    0     0    20 6237 10778  23   9  68   0   0   0
   2    0            0      7247272        23320       296948    0    0     0     0 6427 11474  23   9  68   0   0   0
   3    0            0      7241888        23320       296948    0    0     0     0 6235 11257  23   9  68   0   0   0
   2    0            0      7242988        23320       296952    0    0     0     0 6237 11542  24   8  68   0   0   0
   2    0            0      7241324        23320       296956    0    0     0     0 6295 11524  23   8  69   0   0   0
   2    0            0      7237880        23328       296964    0    0     0   104 6379 11840  23   9  68   0   0   0
   2    0            0      7237684        23328       296972    0    0     0     0 6191 11216  23   9  69   0   0   0
   2    0            0      7237380        23328       296972    0    0     0     0 6215 11542  23   8  69   0   0   0
   2    0            0      7236804        23328       296976    0    0     0     0 6311 11524  23   8  68   0   0   0
   3    0            0      7238600        23328       296976    0    0     0     0 6340 11616  24   8  68   0   0   0
   1    0            0      7342360        23328       296988    0    0     0   180 4693 8301  17   6  78   0   0   0
   4    0            0      7276572        23332       296996    0    0     0  1024 4506 7507  20   7  74   0   0   0
   2    0            0      7271856        23332       297000    0    0     0     0 6093 10551  23   9  68   0   0   0
   2    0            0      7237484        23332       297004    0    0     0     0 6191 10806  23  10  68   0   0   0
   2    0            0      7238000        23332       297004    0    0     0     0 6166 11066  24   8  68   0   0   0
   2    0            0      7240360        23332       297008    0    0     0     0 6086 10823  23   9  69   0   0   0
   2    0            0      7240556        23332       297008    0    0     0     0 6285 11563  23   9  68   0   0   0
--procs-- -----------------------memory---------------------- ---swap-- -----io---- -system-- ----------cpu----------
   r    b         swpd         free         buff        cache   si   so    bi    bo   in   cs  us  sy  id  wa  st  gu
   2    0            0      7234376        23332       297012    0    0     0     0 6201 11207  23   9  68   0   0   0
   2    0            0      7241040        23332       297012    0    0     0     0 5954 10355  23   9  68   0   0   0
   2    0            0      7236624        23332       297016    0    0     0     0 6003 10783  23   9  68   0   0   0
   4    0            0      7237300        23332       297020    0    0     0     0 6063 10857  23   9  68   0   0   0
   2    0            0      7241376        23332       297020    0    0     0    24 6116 11110  23   9  68   0   0   0
   4    0            0      7301596        23332       297040    0    0     0  1024 2857 4462  13   5  82   0   0   0
   2    0            0      7278908        23332       297048    0    0     0     0 5683 9874  23   9  68   0   0   0
   2    0            0      7253628        23332       297060    0    0     8     0 6385 11229  23   9  68   0   0   0
   1    0            0      7241912        23332       297060    0    0     0     0 6411 11594  23   9  68   0   0   0
   1    0            0      7238804        23332       297064    0    0     0     0 6438 11818  23   9  68   0   0   0
   1    0            0      7241820        23332       297068    0    0     0     0 6364 11787  23   9  68   0   0   0
   1    0            0      7241572        23332       297068    0    0     0     0 6455 11760  24   8  68   0   0   0
   2    0            0      7242936        23332       297072    0    0     0     0 6357 11442  24   8  69   0   0   0
   1    0            0      7240296        23332       297072    0    0     0     0 6451 11816  23   8  68   0   0   0
   1    0            0      7237908        23332       297076    0    0     0    16 6420 11753  23   8  68   0   0   0
   3    0            0      7236660        23332       297076    0    0     0     0 6480 11826  23   8  68   0   0   0
   0    0            0      7341076        23332       297080    0    0     0     0 6288 11320  23   9  69   0   0   0
   1    0            0      7283764        23340       297096    0    0     0  1096 3011 4579  13   5  82   0   0   0
   1    0            0      7281620        23340       297104    0    0     0    64 5994 10048  23   9  68   0   0   0
   1    0            0      7244972        23340       297108    0    0     0     0 6332 11030  23   9  68   0   0   0
   1    0            0      7236264        23340       297112    0    0     0     0 6347 11625  24   8  69   0   0   0
--procs-- -----------------------memory---------------------- ---swap-- -----io---- -system-- ----------cpu----------
   r    b         swpd         free         buff        cache   si   so    bi    bo   in   cs  us  sy  id  wa  st  gu
   3    0            0      7238656        23340       297112    0    0     0     0 6395 11757  23   9  68   0   0   0
   4    0            0      7242816        23340       297120    0    0     0     0 6303 11625  22   9  69   0   0   0
   4    0            0      7236424        23340       297120    0    0     0     0 6210 11444  22   9  69   0   0   0
   1    0            0      7234152        23340       297124    0    0     0    96 6336 11634  24   8  68   0   0   0
   1    0            0      7236552        23340       297124    0    0     0     0 6230 11361  23   8  69   0   0   0
   3    0            0      7243020        23340       297128    0    0     0     0 6155 11228  23   9  69   0   0   0
   1    0            0      7242032        23340       297128    0    0     0     0 6341 11633  23   9  68   0   0   0
   1    0            0      7337620        23340       297140    0    0     0     0 4185 7318  15   6  79   0   0   0
   1    0            0      7286752        23340       297144    0    0     0  1028 1985 1812  22   3  75   0   0   0
   1    0            0      7286488        23340       297152    0    0     0     0 2124 2086  24   3  73   0   0   0
   1    0            0      7278624        23340       297156    0    0     0     0 2228 2488  24   3  73   0   0   0
   2    0            0      7272540        23340       297156    0    0     0     0 2250 2700  24   3  73   0   0   0
   1    0            0      7273976        23340       297160    0    0     0     0 2177 2518  24   3  73   0   0   0
   1    0            0      7261604        23340       297160    0    0     0     0 2268 2779  24   4  73   0   0   0
   1    0            0      7252648        23340       297168    0    0     0     0 2312 2730  24   3  73   0   0   0
   1    0            0      7243752        23340       297168    0    0     0     0 2278 2681  24   3  73   0   0   0
   1    0            0      7244104        23340       297168    0    0     0     0 2275 2728  24   3  73   0   0   0
   1    0            0      7243116        23340       297172    0    0     0  2012 2364 2771  24   3  73   0   0   0
   1    0            0      7172596        24996       326432    0    0 30715    36 4590 10489  34   9  50   7   0   0
   1    0            0      7249496        25000       326620    0    0     0  1024 2275 2571  15   4  82   0   0   0
   1    0            0      7230520        25000       326620    0    0     0     0 2409 2737  23   4  73   0   0   0
--procs-- -----------------------memory---------------------- ---swap-- -----io---- -system-- ----------cpu----------
   r    b         swpd         free         buff        cache   si   so    bi    bo   in   cs  us  sy  id  wa  st  gu
   1    0            0      7237444        25000       326628    0    0     0     0 2543 2943  24   4  73   0   0   0
   1    0            0      7236096        25000       326632    0    0     0     0 2556 3196  24   3  73   0   0   0
   1    0            0      7231708        25000       326632    0    0     0     0 2590 3258  23   4  73   0   0   0
   1    0            0      7224596        25000       326636    0    0     0     0 2564 3094  24   4  73   0   0   0
   1    0            0      7221244        25000       326640    0    0     0     0 2497 3001  23   4  73   0   0   0
   2    0            0      7212564        25012       326640    0    0     0   148 2529 3139  24   4  73   0   0   0
   1    0            0      7203820        25012       326640    0    0     0     0 2578 3264  24   3  73   0   0   0
   1    0            0      7207180        25012       326644    0    0     0     0 2461 3060  24   3  73   0   0   0
   1    0            0      7204372        25012       326644    0    0     0    16 2414 2915  24   3  73   0   0   0
   1    0            0      7203432        25012       326648    0    0     0     0 2371 2808  24   3  73   0   0   0
   1    0            0      7243032        25012       326672    0    0     0  1024 1468 1324  13   3  84   0   0   0
   1    0            0      7248560        25012       326684    0    0     0     0 2376 2657  24   4  73   0   0   0
   1    0            0      7242812        25012       326684    0    0     0     0 2285 2576  24   3  73   0   0   0
   1    0            0      7235888        25012       326688    0    0     0    88 2419 2933  24   3  73   0   0   0
   1    0            0      7227648        25012       326688    0    0     0     0 2389 2971  24   3  73   0   0   0
   1    0            0      7228088        25012       326692    0    0     0     0 2383 2948  24   3  74   0   0   0
   1    0            0      7219840        25012       326692    0    0     0     0 2377 2970  24   3  73   0   0   0
   1    0            0      7209224        25012       326696    0    0     0     0 2449 3070  24   3  73   0   0   0
   1    0            0      7208416        25012       326696    0    0     0    16 2429 3022  24   3  73   0   0   0
   1    0            0      7206048        25012       326700    0    0     0     0 2362 2970  24   3  73   0   0   0
   1    0            0      7203040        25012       326700    0    0     0     0 2387 2979  24   3  73   0   0   0
--procs-- -----------------------memory---------------------- ---swap-- -----io---- -system-- ----------cpu----------
   r    b         swpd         free         buff        cache   si   so    bi    bo   in   cs  us  sy  id  wa  st  gu
   0    0            0      7298080        25012       326708    0    0     0     0 2373 2904  22   3  75   0   0   0
   1    0            0      7240736        25012       326716    0    0     0  1024 3124 4799  15   5  81   0   0   0
   1    0            0      7238284        25012       326728    0    0     0     0 5860 10052  22   9  68   0   0   0
   1    0            0      7200912        25012       326728    0    0     0     0 6304 11343  23   9  68   0   0   0
   1    0            0      7200580        25012       326728    0    0     0     0 6353 11578  23   9  68   0   0   0
   1    0            0      7199932        25012       326740    0    0     0     0 6439 11810  24   8  68   0   0   0
   3    0            0      7202508        25012       326740    0    0     0     0 6247 11253  23   9  69   0   0   0
   1    0            0      7198096        25012       326748    0    0     0  3580 6300 11521  24   8  68   0   0   0
   1    0            0      7195400        25012       326748    0    0     0    16 6354 11644  22   9  69   0   0   0
   1    0            0      7195500        25012       326748    0    0     0     0 6141 11319  23   9  68   0   0   0
   1    0            0      7198768        25012       326752    0    0     0     0 6256 11553  23   8  69   0   0   0
   2    0            0      7202116        25012       326752    0    0     0     0 6268 11518  22   9  68   0   0   0
   1    0            0      7286900        25016       326764    0    0     0  2072 3857 6696  15   5  80   0   0   0
   1    0            0      7249892        25016       326768    0    0     0  1024 2153 2244  22   3  75   0   0   0
   1    0            0      7252824        25016       326784    0    0     0     0 2550 3156  24   3  73   0   0   0
   3    0            0      7249796        25028       326784    0    0     0   240 2634 3346  23   4  73   0   0   0
   1    0            0      7239856        25028       326784    0    0     0     0 2642 3345  24   3  73   0   0   0
   1    0            0      7230008        25028       326788    0    0     0     0 2573 3293  24   3  73   0   0   0
   1    0            0      7221988        25028       326788    0    0     0     0 2563 3226  24   4  73   0   0   0
   1    0            0      7216684        25028       326792    0    0     0     0 2503 3187  24   4  73   0   0   0
   1    0            0      7210828        25028       326792    0    0     0     0 2577 3307  24   3  73   0   0   0
--procs-- -----------------------memory---------------------- ---swap-- -----io---- -system-- ----------cpu----------
   r    b         swpd         free         buff        cache   si   so    bi    bo   in   cs  us  sy  id  wa  st  gu
   1    0            0      7211052        25028       326796    0    0     0     0 2412 3027  24   3  73   0   0   0
   3    0            0      7211468        25028       326800    0    0     0     0 2458 3125  24   3  73   0   0   0
   1    0            0      7211980        25028       326808    0    0     0   100 2507 3187  24   3  73   0   0   0
   1    0            0      7241580        25028       326852    0    0     0  1024 1656 1837  13   3  84   0   0   0
   1    0            0      7238336        25028       326860    0    0     0     0 5970 10117  23   9  69   0   0   0
   1    0            0      7217920        25028       326860    0    0     0     0 6248 11155  23   9  68   0   0   0
   1    0            0      7202180        25028       326860    0    0     0     0 6259 11696  23   8  69   0   0   0
   1    0            0      7200936        25028       326864    0    0     0     0 6091 11126  23   9  68   0   0   0
   1    0            0      7195488        25028       326864    0    0     0     0 6111 11236  23   9  69   0   0   0
   1    0            0      7194704        25028       326872    0    0     0     0 6093 11056  24   8  68   0   0   0
   1    0            0      7194496        25028       326872    0    0     0     0 6102 11147  23   8  69   0   0   0
   1    0            0      7199232        25028       326872    0    0     0     0 6054 10966  23   9  69   0   0   0
   1    0            0      7199968        25028       326876    0    0     0    16 6146 11359  23   9  69   0   0   0
   1    0            0      7202240        25028       326876    0    0     0     0 6266 11587  23   8  68   0   0   0
   0    0            0      7301680        25028       326892    0    0     0     0 6243 11366  23   8  69   0   0   0
   2    0            0      7235768        25028       326900    0    0     0     0 9637 33769  15   7  78   0   0   0
   1    0            0      7204272        25028       326912    0    0     0     0 19674 73028  24  14  62   0   0   0
   1    0            0      7138696        25028       326912    0    0     0     0 19500 75127  25  14  61   0   0   0
   2    0            0      7139188        25028       326912    0    0     0     0 19060 73913  24  14  62   0   0   0
   1    0            0      7230708        25028       326920    0    0     0     0 19195 74819  24  15  62   0   0   0
   3    0            0      7186092        25028       326920    0    0     0     0 19348 74388  24  15  61   0   0   0
--procs-- -----------------------memory---------------------- ---swap-- -----io---- -system-- ----------cpu----------
   r    b         swpd         free         buff        cache   si   so    bi    bo   in   cs  us  sy  id  wa  st  gu
   2    0            0      7213024        25028       326920    0    0     0     0 19281 74959  24  14  62   0   0   0
   1    0            0      7216284        25028       326924    0    0     0    28 19669 75247  24  13  62   0   0   0
   1    0            0      7215236        25028       326924    0    0     0     0 19239 74359  24  14  62   0   0   0
   1    0            0      7211932        25036       326928    0    0     0    56 19546 77033  24  14  62   0   0   0
   1    0            0      7203768        25036       326928    0    0     0     0 19743 74562  23  15  62   0   0   0
   1    0            0      7282800        25036       326940    0    0     0     0 11212 41546  15   8  77   0   0   0
   1    0            0      7220512        25036       326944    0    0     0     4 14497 55681  23  11  66   0   0   0
   2    0            0      7208840        25036       326956    0    0     0     0 17319 67681  24  13  63   0   0   0
   2    0            0      7176852        25036       326956    0    0     0     0 19216 71578  24  14  62   0   0   0
   3    0            0      7216272        25036       326956    0    0     0     0 19153 73273  25  13  62   0   0   0
   2    0            0      7198424        25036       326964    0    0     0     0 19253 74276  25  13  62   0   0   0
   3    0            0      7195216        25036       326964    0    0     0     0 17486 69219  24  13  63   0   0   0
   2    0            0      7217192        25036       326972    0    0     0     0 18728 73413  25  13  63   0   0   0
   1    0            0      7209296        25036       326972    0    0     0     0 18735 73329  24  13  63   0   0   0
   1    0            0      7210420        25036       326972    0    0     0     0 18070 67179  24  13  63   0   0   0
   2    0            0      7209792        25036       326972    0    0     0     0 19061 72611  24  14  62   0   0   0
   1    0            0      7202888        25036       326980    0    0     0   108 18492 70468  24  14  63   0   0   0
   1    0            0      7257640        25040       326992    0    0     0     0 5274 14563  14   6  81   0   0   0
   3    0            0      7250308        25040       327004    0    0     0     0 10942 27088  25   9  66   0   0   0
   2    0            0      7222724        25040       327004    0    0     0     0 13372 36017  26  10  64   0   0   0
   1    0            0      7221800        25040       327004    0    0     0     0 13287 37145  26   9  65   0   0   0
--procs-- -----------------------memory---------------------- ---swap-- -----io---- -system-- ----------cpu----------
   r    b         swpd         free         buff        cache   si   so    bi    bo   in   cs  us  sy  id  wa  st  gu
   3    0            0      7203072        25040       327012    0    0     0     0 13917 38247  27   9  64   0   0   0
   1    0            0      7168092        25044       327016    0    0     0    12 11222 30221  31  12  57   0   0   0
   1    0            0      7166844        25044       327020    0    0     0     0 13055 34652  25  10  65   0   0   0
   1    0            0      7171188        25044       327020    0    0     0     0 13922 39111  26   9  65   0   0   0
   1    0            0      7175236        25044       327024    0    0     0     0 13876 38650  26   9  65   0   0   0
   2    0            0      7179668        25064       327024    0    0     0  3608 13545 37370  25   9  65   0   0   0
   1    0            0      7182688        25064       327032    0    0     0    16 12177 32723  26   9  65   0   0   0
   0    0            0      7254920        25064       327040    0    0     0     0 9667 26894  19   7  74   0   0   0
   3    0            0      7221916        25064       327048    0    0     0     0 10712 41581  20   9  71   0   0   0
   1    0            0      7197116        25120       327448    0    0   392    52 17072 62197  26  14  60   0   0   0
   4    0            0      7164992        25120       327452    0    0     0     0 19118 68623  25  13  62   0   0   0
   1    0            0      7203972        25120       327452    0    0     0     0 19896 69167  24  14  62   0   0   0
   2    0            0      7219812        25120       327456    0    0     0     0 19707 70981  25  13  62   0   0   0
   3    0            0      7192164        25120       327456    0    0     0    40 19715 70343  24  13  62   0   0   0
   1    0            0      7219628        25120       327456    0    0     0     0 19327 72463  25  13  62   0   0   0
   1    0            0      7216556        25120       327464    0    0     0     0 19432 69983  25  12  63   0   0   0
   1    0            0      7218720        25120       327464    0    0     0    24 19698 71403  24  13  62   0   0   0
   2    0            0      7211888        25120       327464    0    0     0     0 19353 71212  24  14  62   0   0   0
   2    0            0      7200892        25120       327468    0    0     0     0 19275 71384  23  14  62   0   0   0
   1    0            0      7273116        25128       327496    0    0     0     0 8144 29501  14   7  79   0   0   0
   2    0            0      7245884        25128       327496    0    0     0     0 15163 62372  24  13  63   0   0   0
--procs-- -----------------------memory---------------------- ---swap-- -----io---- -system-- ----------cpu----------
   r    b         swpd         free         buff        cache   si   so    bi    bo   in   cs  us  sy  id  wa  st  gu
   2    0            0      7200504        25128       327508    0    0     0     0 17378 69144  24  13  63   0   0   0
   1    0            0      7179688        25128       327508    0    0     0     0 18298 68329  25  13  62   0   0   0
   2    0            0      7236272        25128       327512    0    0     0     0 19099 70421  24  13  63   0   0   0
   4    0            0      7201456        25128       327512    0    0     0     0 18738 69097  24  14  62   0   0   0
   4    0            0      7210356        25128       327516    0    0     0     0 19208 70792  24  14  63   0   0   0
   2    0            0      7209592        25128       327516    0    0     0    96 18988 70096  24  13  62   0   0   0
   2    0            0      7208824        25128       327520    0    0     0     0 18844 71017  24  13  63   0   0   0
   1    0            0      7213872        25128       327520    0    0     0     0 17586 66466  24  13  63   0   0   0
   1    0            0      7215328        25128       327528    0    0     0     0 18773 69684  24  13  62   0   0   0
   0    0            0      7270296        25132       327528    0    0     0     0 17589 63895  23  12  65   0   0   0
   1    0            0      7249404        25132       327544    0    0     0  2216 4994 10579  16   5  79   0   0   0
   1    0            0      7235112        25132       327548    0    0     0     0 10854 26749  25   9  66   0   0   0
   1    0            0      7222652        25132       327552    0    0     0     0 13876 39683  26   9  65   0   0   0
   1    0            0      7220380        25132       327552    0    0     0     0 13445 36514  26   9  65   0   0   0
   1    0            0      7196892        25132       327556    0    0     0     0 13924 39128  26  10  64   0   0   0
   1    0            0      7194368        25132       327556    0    0     0     0 12905 34452  26   9  65   0   0   0
   1    0            0      7193412        25132       327560    0    0     0     0 12767 35857  26   9  65   0   0   0
   2    0            0      7192968        25132       327560    0    0     0     0 14919 43579  26  10  65   0   0   0
   2    0            0      7191508        25140       327564    0    0     0   112 14180 40401  26  10  64   0   0   0
   3    0            0      7190808        25140       327564    0    0     0     0 13937 39828  26   9  65   0   0   0
   1    0            0      7192436        25140       327568    0    0     0    16 14300 41078  26  10  65   0   0   0
--procs-- -----------------------memory---------------------- ---swap-- -----io---- -system-- ----------cpu----------
   r    b         swpd         free         buff        cache   si   so    bi    bo   in   cs  us  sy  id  wa  st  gu
   1    0            0      7276960        25140       327580    0    0     0     0 7702 21377  16   6  78   0   0   0
   1    0            0      7219140        25140       327584    0    0     0     0 15603 58354  22  12  65   0   0   0
   2    0            0      7209288        25140       327592    0    0     0     0 17596 63193  24  13  63   0   0   0
   3    0            0      7180220        25140       327592    0    0     0     0 18895 69208  25  13  62   0   0   0
   1    0            0      7211768        25140       327596    0    0     0     0 19447 70770  24  14  63   0   0   0
   4    0            0      7201848        25140       327596    0    0     0     0 19582 70484  24  14  62   0   0   0
   2    0            0      7185228        25152       327612    0    0     0   100 17956 63044  24  15  61   0   0   0
   3    0            0      7211552        25152       327612    0    0     0     0 18749 69606  24  13  63   0   0   0
   1    0            0      7210280        25152       327620    0    0     0     0 19175 72567  24  13  63   0   0   0
   3    0            0      7212484        25152       327620    0    0     0     0 19366 71858  25  12  63   0   0   0
   3    0            0      7211924        25152       327628    0    0     0    32 19114 73350  24  13  63   0   0   0
   2    0            0      7201344        25152       327628    0    0     0     0 19423 72635  25  14  62   0   0   0
   2    0            0      7252556        25152       327644    0    0     0     0 8773 31299  14   6  80   0   0   0
   1    0            0      7237072        25152       327648    0    0     0     0 19564 72089  25  14  61   0   0   0
   2    0            0      7194128        25152       327652    0    0     0     0 20558 74040  25  14  61   0   0   0
   3    0            0      7189232        25152       327656    0    0     0    92 20084 74529  24  15  61   0   0   0
   3    0            0      7230104        25152       327660    0    0     0     0 19512 74972  24  14  62   0   0   0
   4    0            0      7185628        25152       327660    0    0     0     0 19343 71949  25  13  62   0   0   0
   1    0            0      7206632        25152       327664    0    0     0     0 19288 71279  24  14  63   0   0   0
   1    0            0      7213400        25152       327664    0    0     0     0 20116 73977  24  14  62   0   0   0
   1    0            0      7216592        25152       327668    0    0     0    12 19864 74152  24  14  62   0   0   0
--procs-- -----------------------memory---------------------- ---swap-- -----io---- -system-- ----------cpu----------
   r    b         swpd         free         buff        cache   si   so    bi    bo   in   cs  us  sy  id  wa  st  gu
   2    0            0      7216548        25152       327668    0    0     0     0 19808 74699  25  13  62   0   0   0
   2    0            0      7209504        25152       327676    0    0     0     0 19644 72872  24  14  62   0   0   0
   0    0            0      7282492        25152       327692    0    0     0     0 13630 50175  17  10  73   0   0   0
   2    0            0      7229608        25152       327700    0    0     0     0 12911 45732  20  11  69   0   0   0
   3    0            0      7217160        25152       327704    0    0     0     4 17900 63943  24  13  63   0   0   0
   1    0            0      7180156        25152       327708    0    0     0     0 19250 71346  24  13  62   0   0   0
   1    0            0      7212004        25152       327708    0    0     0     0 19531 72417  25  13  62   0   0   0
   3    0            0      7222508        25152       327712    0    0     0  2376 18914 70971  25  14  61   0   0   0
   2    0            0      7190688        25152       327712    0    0     0     0 19051 70446  24  14  62   0   0   0
   3    0            0      7210792        25152       327720    0    0     0     8 19178 71285  25  13  62   0   0   0
   1    0            0      7216348        25152       327720    0    0     0     0 19252 71644  24  14  62   0   0   0
   1    0            0      7210880        25152       327720    0    0     0     0 19162 70880  25  13  62   0   0   0
   1    0            0      7213308        25152       327724    0    0     0     0 19625 71371  24  13  63   0   0   0
   1    0            0      7206508        25152       327724    0    0     0     0 19220 70279  25  13  62   0   0   0
   1    0            0      7260676        25152       327780    0    0     0     8 7957 28716  13   7  80   0   0   0
   2    0            0      7249876        25160       327776    0    0     0    88 17895 63820  24  13  63   0   0   0
   3    0            0      7197980        25160       327788    0    0     0     8 17187 62167  24  13  63   0   0   0
   1    0            0      7181128        25160       327788    0    0     0  1372 19277 71340  24  14  63   0   0   0
   2    0            0      7214424        25160       327788    0    0     0     0 19515 71801  25  13  62   0   0   0
   4    0            0      7195300        25160       327792    0    0     0     0 19463 70699  25  13  62   0   0   0
   1    0            0      7211300        25160       327792    0    0     0     0 19429 71427  25  13  62   0   0   0
--procs-- -----------------------memory---------------------- ---swap-- -----io---- -system-- ----------cpu----------
   r    b         swpd         free         buff        cache   si   so    bi    bo   in   cs  us  sy  id  wa  st  gu
   1    0            0      7209536        25160       327804    0    0     0     0 19452 70107  25  13  62   0   0   0
   1    0            0      7211524        25160       327804    0    0     0     0 19534 70136  25  13  63   0   0   0
   1    0            0      7210024        25160       327804    0    0     0     0 19272 71011  24  14  63   0   0   0
   1    0            0      7213968        25160       327808    0    0     0     0 19360 72424  25  13  62   0   0   0
   0    0            0      7271500        25164       327808    0    0     0   116 17063 63482  22  11  67   0   0   0
   3    0            0      7232208        25164       327824    0    0     0     0 11070 39223  17   8  75   0   0   0
   4    0            0      7225680        25164       327828    0    0     0     0 19788 70896  25  14  62   0   0   0
   1    0            0      7185964        25164       327836    0    0     0     0 19591 72404  24  15  61   0   0   0
   3    0            0      7147724        25164       327848    0    0     0    12 18476 67261  30  17  53   0   0   0
   3    0            0      7223568        25164       327848    0    0     0     0 20024 71242  24  14  62   0   0   0
   1    0            0      7203476        25164       327848    0    0     0     0 20138 73482  24  15  61   0   0   0
   2    0            0      7204644        25164       327852    0    0     0     0 20385 75609  25  14  62   0   0   0
   1    0            0      7206856        25164       327852    0    0     0     0 20057 74145  25  13  62   0   0   0
   3    0            0      7216388        25164       327856    0    0     0     0 19846 73301  25  14  61   0   0   0
   1    0            0      7212100        25164       327856    0    0     0    16 19836 72794  24  14  62   0   0   0
   1    0            0      7197996        25164       327860    0    0     0     0 20240 73392  25  14  61   0   0   0
   0    0            0      7271352        25164       327876    0    0     0     0 9841 34389  15   7  78   0   0   0
   1    0            0      7236148        25164       327876    0    0     0     0 7822 15511  24   8  68   0   0   0
   1    0            0      7233804        25164       327884    0    0     0     0 9593 21350  25   9  65   0   0   0
   1    0            0      7222188        25164       327884    0    0     0     0 12340 32008  26   8  65   0   0   0
   2    0            0      7208160        25164       327892    0    0     0     0 14037 38718  26  10  64   0   0   0
--procs-- -----------------------memory---------------------- ---swap-- -----io---- -system-- ----------cpu----------
   r    b         swpd         free         buff        cache   si   so    bi    bo   in   cs  us  sy  id  wa  st  gu
   3    0            0      7202532        25164       327892    0    0     0     0 13840 39189  27   9  65   0   0   0
   3    0            0      7200744        25164       327892    0    0     0     0 14574 41731  26   9  65   0   0   0
   3    0            0      7198444        25164       327896    0    0     0     0 14363 42037  26   9  65   0   0   0
   1    0            0      7196340        25164       327896    0    0     0    12 13325 37075  25  10  64   0   0   0
   1    0            0      7194664        25176       327908    0    0     0   112 13957 39948  26   9  65   0   0   0
   3    0            0      7196232        25176       327908    0    0     0    92 13361 36833  26   9  65   0   0   0
   3    0            0      7197228        25176       327916    0    0     0     0 13170 35338  26   9  65   0   0   0
   2    0            0      7241760        25176       327960    0    0    20     0 7687 27376  13   7  80   0   0   0
   1    0            0      7234272        25176       327968    0    0     0     4 16687 55473  25  11  64   0   0   0
   1    0            0      7185764        25176       327972    0    0     0     0 10892 34123  28   7  65   0   0   0
   1    0            0      7176240        25176       327972    0    0     0     0 11115 36789  27   6  66   0   0   0
   1    0            0      7163508        25176       327980    0    0     0     0 11346 37446  28   6  66   0   0   0
   1    0            0      7154656        25176       327980    0    0     0     0 11476 37774  28   6  66   0   0   0
   1    0            0      7152092        25176       327980    0    0     0     0 11499 38052  28   6  66   0   0   0
   2    0            0      7149084        25176       327984    0    0     0     0 11324 38635  28   7  65   0   0   0
   1    0            0      7145340        25176       327984    0    0     0     0 11289 38486  27   7  66   0   0   0
   1    0            0      7145612        25176       327992    0    0     0     0 11223 38531  28   6  66   0   0   0
   1    0            0      7145972        25176       327992    0    0     0     0 11265 38468  28   6  66   0   0   0
   2    0            0      7145736        25176       327996    0    0     0  3596 11499 38086  27   6  66   0   0   0
   3    0            0      7193888        25176       327996    0    0     0     0 11206 35568  28   6  66   0   0   0
   0    0            0      7271028        25176       328012    0    0     0     0 7794 23820  20   4  77   0   0   0
--procs-- -----------------------memory---------------------- ---swap-- -----io---- -system-- ----------cpu----------
   r    b         swpd         free         buff        cache   si   so    bi    bo   in   cs  us  sy  id  wa  st  gu
   2    0            0      7230564        25176       328024    0    0     0     0 12485 41881  20  10  70   0   0   0
   1    0            0      7220096        25180       328032    0    0     0     0 9321 24600  25   7  67   0   0   0
   1    0            0      7189304        25180       328032    0    0     0     0 5550 9864  27   4  69   0   0   0
   1    0            0      7180744        25180       328036    0    0     0     0 5492 10241  26   5  69   0   0   0
   1    0            0      7173884        25180       328036    0    0     0     0 5303 10045  27   4  69   0   0   0
   1    0            0      7167600        25180       328044    0    0     0     0 5278 9995  26   5  69   0   0   0
   1    0            0      7161280        25180       328044    0    0     0     0 5560 10674  27   5  69   0   0   0
   1    0            0      7156628        25180       328044    0    0     0     0 5705 11042  26   4  69   0   0   0
   4    0            0      7154824        25180       328048    0    0     0    16 5762 11266  26   5  69   0   0   0
   1    0            0      7152084        25180       328048    0    0     0     0 5707 11153  27   4  69   0   0   0
   1    0            0      7149204        25180       328056    0    0     0     0 5817 11177  27   4  69   0   0   0
   1    0            0      7170916        25180       328056    0    0     0     0 5738 10768  26   5  69   0   0   0
   1    0            0      7174528        25180       328056    0    0     0     0 4792 7071  27   4  70   0   0   0
   3    0            0      7252736        25188       328076    0    0     0    92 2563 3562  14   3  83   0   0   0
   1    0            0      7239496        25188       328076    0    0     0     0 11402 27662  26  10  65   0   0   0
   1    0            0      7201616        25188       328088    0    0     0     0 5058 7510  26   5  69   0   0   0
   1    0            0      7181512        25188       328088    0    0     0     0 5143 8525  27   5  68   0   0   0
   1    0            0      7174480        25188       328088    0    0     0     0 5147 9189  26   5  69   0   0   0
   1    0            0      7164264        25188       328092    0    0     0    16 5428 9790  27   4  69   0   0   0
   4    0            0      7156940        25188       328092    0    0     0     0 5359 9504  26   5  69   0   0   0
   1    0            0      7150512        25188       328100    0    0     0     0 5108 8678  26   5  69   0   0   0
--procs-- -----------------------memory---------------------- ---swap-- -----io---- -system-- ----------cpu----------
   r    b         swpd         free         buff        cache   si   so    bi    bo   in   cs  us  sy  id  wa  st  gu
   1    0            0      7143092        25188       328104    0    0     0     0 5110 8729  27   4  69   0   0   0
   1    0            0      7142084        25188       328104    0    0     0     0 5201 9121  26   5  69   0   0   0
   1    0            0      7140408        25188       328108    0    0     0     0 5345 9914  27   4  69   0   0   0
   1    0            0      7139200        25188       328108    0    0     0     0 5467 10192  26   5  69   0   0   0
   1    0            0      7174596        25188       328116    0    0     0     0 5625 10041  26   4  69   0   0   0
   1    0            0      7244140        25188       328116    0    0     0     0 5707 9508  27   4  69   0   0   0
   2    0            0      7233488        25188       328136    0    0     0     0 7290 21988  13   6  81   0   0   0
   1    0            0      7234596        25188       328172    0    0     0    88 14299 44497  25  10  65   0   0   0
   1    0            0      7185456        25188       328176    0    0     0     0 7165 14071  27   5  68   0   0   0
   1    0            0      7179352        25188       328176    0    0     0     0 6849 14326  27   4  69   0   0   0
   1    0            0      7169972        25188       328180    0    0     0     0 7014 14552  27   5  68   0   0   0
   1    0            0      7163392        25188       328180    0    0     0     0 7033 14790  26   4  69   0   0   0
   1    0            0      7158156        25188       328188    0    0     0    28 6622 13648  26   5  69   0   0   0
   1    0            0      7155796        25188       328188    0    0     0     0 6698 13827  26   5  69   0   0   0
   1    0            0      7155056        25188       328192    0    0     0   844 6590 13906  27   4  69   0   0   0
   1    0            0      7153536        25188       328192    0    0     0     0 6704 14084  27   5  68   0   0   0
   1    0            0      7150752        25188       328192    0    0     0     0 6721 14258  27   4  69   0   0   0
   1    0            0      7147620        25188       328204    0    0     0     0 6814 14245  27   5  69   0   0   0
   3    0            0      7174376        25188       328204    0    0     0     0 6092 11323  27   4  69   0   0   0
   0    0            0      7257272        25188       328232    0    0     0     0 4280 7503  18   3  80   0   0   0
   1    0            0      7220948        25188       328236    0    0     0     0 15257 48897  22  11  67   0   0   0
--procs-- -----------------------memory---------------------- ---swap-- -----io---- -system-- ----------cpu----------
   r    b         swpd         free         buff        cache   si   so    bi    bo   in   cs  us  sy  id  wa  st  gu
   1    0            0      7218968        25192       328244    0    0     0     0 8837 21713  26   7  67   0   0   0
   1    0            0      7192928        25200       328244    0    0     0    80 5454 10067  27   5  69   0   0   0
   1    0            0      7184912        25200       328248    0    0     0    84 5647 11627  27   4  69   0   0   0
   1    0            0      7178188        25200       328248    0    0     0     0 6060 12806  27   5  68   0   0   0
   1    0            0      7173100        25200       328256    0    0     0     0 6043 12805  26   5  69   0   0   0
   1    0            0      7167636        25200       328256    0    0     0     0 6077 12937  27   4  69   0   0   0
   3    0            0      7162068        25200       328256    0    0     0     0 6112 13052  27   4  69   0   0   0
   1    0            0      7159084        25200       328260    0    0     0     4 6014 13196  26   5  69   0   0   0
   1    0            0      7157172        25200       328260    0    0     0     0 6003 13107  26   5  69   0   0   0
   1    0            0      7154576        25200       328268    0    0     0     0 6016 13228  26   5  69   0   0   0
   3    0            0      7185264        25200       328268    0    0     0     0 6036 12550  27   4  69   0   0   0
   1    0            0      7186944        25200       328276    0    0     0     0 5338 9654  27   3  70   0   0   0
   1    0            0      7260912        25200       328292    0    0     0     0 3037 5067  14   4  83   0   0   0
   1    0            0      7236724        25200       328300    0    0     0     0 9673 21885  25   9  65   0   0   0
   1    0            0      7201764        25200       328300    0    0     0     0 4906 6886  26   5  69   0   0   0
   1    0            0      7186760        25200       328308    0    0     0     0 4669 7417  27   5  69   0   0   0
   1    0            0      7174244        25200       328308    0    0     0     0 4827 8054  27   5  69   0   0   0
   1    0            0      7168220        25200       328312    0    0     0   108 5145 9231  26   5  69   0   0   0
   1    0            0      7160492        25200       328312    0    0     0     0 5469 9982  27   4  69   0   0   0
   1    0            0      7153076        25200       328312    0    0     0     0 5369 9965  27   5  69   0   0   0
   1    0            0      7145912        25200       328316    0    0     0     0 5214 9097  27   4  69   0   0   0
--procs-- -----------------------memory---------------------- ---swap-- -----io---- -system-- ----------cpu----------
   r    b         swpd         free         buff        cache   si   so    bi    bo   in   cs  us  sy  id  wa  st  gu
   1    0            0      7144168        25200       328316    0    0     0     0 5372 10208  27   5  69   0   0   0
   1    0            0      7143024        25200       328324    0    0     0     0 5566 10492  27   4  69   0   0   0
   1    0            0      7142040        25200       328324    0    0     0     0 5260 9415  27   5  69   0   0   0
   4    0            0      7145336        25200       328356    0    0     0     4 5202 8504  32   6  62   0   0   0
   0    0            0      7237588        25200       328792    0    0   144    12 5047 7926  26   4  71   0   0   0
   1    0            0      7206612        25200       328804    0    0     0     0 7529 29876  15   7  78   0   0   0
   3    0            0      7225704        25200       328812    0    0     0     0 11043 35412  25   9  66   0   0   0
   1    0            0      7181452        25200       328812    0    0     0     0 5590 9512  27   5  68   0   0   0
   1    0            0      7175540        25200       328812    0    0     0     0 5338 10070  26   4  70   0   0   0
   1    0            0      7165912        25200       328820    0    0     0     0 5352 9928  27   4  69   0   0   0
   1    0            0      7159276        25212       328820    0    0     0   112 5401 10028  27   4  69   0   0   0
   1    0            0      7154260        25212       328824    0    0     0    36 5107 9509  26   5  69   0   0   0
   1    0            0      7153008        25212       328824    0    0     0     0 5415 10288  27   4  69   0   0   0
   1    0            0      7151648        25212       328824    0    0     0     0 5288 10206  27   5  69   0   0   0
   1    0            0      7148928        25212       328832    0    0     0     0 5442 10544  26   5  69   0   0   0
   4    0            0      7146392        25212       328832    0    0     0     0 5400 10616  27   4  69   0   0   0
   1    0            0      7143948        25212       328832    0    0     0     0 5809 11280  27   4  69   0   0   0
   3    0            0      7181896        25212       328836    0    0     0     0 5534 8836  27   4  69   0   0   0
   1    0            0      7260332        25212       328840    0    0     0     0 3170 4904  16   3  82   0   0   0
   2    0            0      7216220        25212       328852    0    0     0     0 16952 61890  23  12  65   0   0   0
   1    0            0      7212372        25212       328860    0    0     0     0 12541 42354  27   7  65   0   0   0
--procs-- -----------------------memory---------------------- ---swap-- -----io---- -system-- ----------cpu----------
   r    b         swpd         free         buff        cache   si   so    bi    bo   in   cs  us  sy  id  wa  st  gu
   1    0            0      7187588        25212       328868    0    0     0    16 12008 45060  28   6  66   0   0   0
   1    0            0      7174900        25212       328868    0    0     0  2516 12202 45037  28   6  66   0   0   0
   1    0            0      7166904        25212       328872    0    0     0     0 12041 44973  28   5  66   0   0   0
   1    0            0      7164184        25212       328876    0    0    12     0 12083 44937  28   7  65   0   0   0
   4    0            0      7162240        25212       328888    0    0     0     0 12085 44785  27   7  66   0   0   0
   4    0            0      7158336        25212       328888    0    0     0    88 12009 44881  28   6  65   0   0   0
   1    0            0      7154160        25212       328892    0    0     0     0 12063 44739  28   7  65   0   0   0
   3    0            0      7154036        25212       328892    0    0     0     0 12206 44601  28   7  65   0   0   0
   1    0            0      7154996        25212       328892    0    0     0     0 11780 44629  28   6  66   0   0   0
   1    0            0      7199212        25212       328900    0    0     0     0 11668 42439  28   6  66   0   0   0
   2    0            0      7199496        25212       328900    0    0     0     0 11360 38963  28   5  67   0   0   0
   1    0            0      7260524        25212       328920    0    0     0     8 5788 18150  13   4  82   0   0   0
   1    0            0      7252892        25216       328916    0    0     0     0 15483 53521  25  12  64   0   0   0
   1    0            0      7205796        25216       328928    0    0     0     0 5442 9326  27   4  69   0   0   0
   1    0            0      7194652        25216       328928    0    0     0     0 5573 11413  27   4  69   0   0   0
   1    0            0      7184324        25216       328932    0    0     0     0 5683 11662  27   5  69   0   0   0
   1    0            0      7178692        25216       328940    0    0     0  1820 5716 11673  27   4  69   0   0   0
   3    0            0      7172084        25216       328940    0    0     0     0 5605 11450  27   5  69   0   0   0
   1    0            0      7165476        25216       328944    0    0     0     0 5622 11656  26   5  69   0   0   0
   1    0            0      7162920        25228       328944    0    0     0   124 5682 11749  27   5  69   0   0   0
   1    0            0      7160404        25228       328948    0    0     0   124 5651 11627  27   4  69   0   0   0
--procs-- -----------------------memory---------------------- ---swap-- -----io---- -system-- ----------cpu----------
   r    b         swpd         free         buff        cache   si   so    bi    bo   in   cs  us  sy  id  wa  st  gu
   1    0            0      7156764        25228       328948    0    0     0     0 5600 11634  27   4  69   0   0   0
   1    0            0      7153228        25228       328956    0    0     0     0 5618 11661  26   5  69   0   0   0
   3    0            0      7176660        25228       328956    0    0     0     0 5563 9737  28   6  66   0   0   0
   0    0            0      7256920        25228       328976    0    0     0     0 4154 6414  22   3  74   0   0   0
   1    0            0      7231668        25228       328980    0    0     0     0 10275 35846  16   8  76   0   0   0
   1    0            0      7228112        25228       329020    0    0     0     0 11681 36233  25   9  66   0   0   0
   1    0            0      7191360        25228       329020    0    0     0     0 6796 13692  26   5  68   0   0   0
   1    0            0      7185928        25228       329024    0    0     0     0 6843 15321  27   5  68   0   0   0
   3    0            0      7176744        25228       329024    0    0     0     0 6791 14725  26   5  69   0   0   0
   1    0            0      7170832        25228       329032    0    0     0     0 6932 15078  27   5  69   0   0   0
   1    0            0      7165208        25228       329032    0    0     0    36 6814 15038  27   5  69   0   0   0
   1    0            0      7162732        25228       329040    0    0     0     4 6796 14740  27   4  69   0   0   0
   1    0            0      7161176        25228       329040    0    0     0     0 6900 15057  27   5  69   0   0   0
   1    0            0      7159572        25228       329040    0    0     0     0 6824 14840  26   5  69   0   0   0
   1    0            0      7156956        25228       329044    0    0     0     0 6826 14860  27   5  68   0   0   0
   1    0            0      7155032        25228       329044    0    0     0     0 6940 15266  26   5  69   0   0   0
   1    0            0      7184236        25228       329052    0    0     0  2308 5555 9289  27   4  69   0   0   0
   1    0            0      7271200        25228       329072    0    0     0     0 2986 4544  16   2  82   0   0   0
   3    0            0      7219072        25228       329076    0    0     0     0 18361 67706  23  13  64   0   0   0
   2    0            0      7220780        25228       329088    0    0     0     0 15013 57480  28   8  64   0   0   0
   1    0            0      7196172        25228       329088    0    0     0   112 15316 62270  29   7  64   0   0   0
--procs-- -----------------------memory---------------------- ---swap-- -----io---- -system-- ----------cpu----------
   r    b         swpd         free         buff        cache   si   so    bi    bo   in   cs  us  sy  id  wa  st  gu
   2    0            0      7183544        25228       329092    0    0     0     0 15414 61829  28   8  64   0   0   0
   3    0            0      7175676        25228       329092    0    0     0     0 15369 62342  29   7  64   0   0   0
   2    0            0      7167400        25228       329092    0    0     0     0 15223 61738  29   7  64   0   0   0
   1    0            0      7163964        25228       329100    0    0     0     0 15186 61795  29   6  64   0   0   0
   1    0            0      7160816        25228       329100    0    0     0    12 15169 61975  28   8  65   0   0   0
   1    0            0      7158028        25228       329104    0    0     0     0 15094 60700  28   7  64   0   0   0
   1    0            0      7156112        25228       329104    0    0     0     0 14719 58965  28   7  65   0   0   0
   1    0            0      7156716        25228       329104    0    0     0     0 14069 52747  28   6  65   0   0   0
   1    0            0      7199292        25240       329112    0    0     0   132 13830 50466  28   6  66   0   0   0
   1    0            0      7199808        25240       329112    0    0     0     0 13732 49462  29   6  66   0   0   0
   1    0            0      7257136        25240       329132    0    0     0     0 4499 11044  15   4  81   0   0   0
   1    0            0      7241960        25240       329140    0    0     0     0 8629 18349  26   8  66   0   0   0
   3    0            0      7203172        25240       329140    0    0     0     0 5367 8659  26   6  68   0   0   0
   2    0            0      7175544        25240       329144    0    0     0     0 5465 9473  29   5  66   0   0   0
   1    0            0      7150792        25248       329272    0    0     0     4 5213 8897  32   7  62   0   0   0
   3    0            0      7148016        25248       329276    0    0     0  1580 5466 10153  27   4  69   0   0   0
   1    0            0      7144040        25248       329276    0    0     0     0 5622 10337  27   5  69   0   0   0
   1    0            0      7140632        25248       329276    0    0     0     0 5506 10198  27   5  69   0   0   0
   1    0            0      7138076        25248       329284    0    0     0     0 5590 10350  27   3  69   0   0   0
   3    0            0      7136932        25248       329284    0    0     0     0 5855 11317  26   5  69   0   0   0
   1    0            0      7136900        25248       329292    0    0     0     0 5828 11314  26   4  69   0   0   0
--procs-- -----------------------memory---------------------- ---swap-- -----io---- -system-- ----------cpu----------
   r    b         swpd         free         buff        cache   si   so    bi    bo   in   cs  us  sy  id  wa  st  gu
   5    0            0      7136172        25248       329292    0    0     0     0 5978 11611  27   5  69   0   0   0
   1    0            0      7169940        25248       329296    0    0     0     0 5797 10512  27   4  69   0   0   0
   0    0            0      7277188        25248       329300    0    0     0     0 4193 6839  20   3  77   0   0   0
   1    0            0      7203968        25248       329380    0    0     0     0 4583 7607  21   4  75   0   0   0
   1    0            0      7200744        25248       329520    0    0     0     0 9445 25673  28   6  66   0   0   0
   3    0            0      7166328        25248       329528    0    0     0     0 12839 48725  28   6  66   0   0   0
   1    0            0      7164872        25248       329528    0    0     0     0 13923 53260  29   6  65   0   0   0
   1    0            0      7151688        25248       329528    0    0     0     0 13027 54196  29   6  64   0   0   0
   1    0            0      7150680        25248       329536    0    0     0     0 13162 53707  28   6  66   0   0   0
   2    0            0      7149420        25248       329536    0    0     0   120 13557 55602  29   6  65   0   0   0
   1    0            0      7146900        25248       329572    0    0     0     0 13634 56459  28   6  66   0   0   0
   2    0            0      7146396        25248       329588    0    0     0     0 13639 56692  28   6  66   0   0   0
   1    0            0      7145640        25248       329620    0    0     0     0 13774 57345  28   6  66   0   0   0
   3    0            0      7145136        25248       329640    0    0     0     0 13834 57547  29   6  65   0   0   0
   1    0            0      7146892        25248       329640    0    0     0     8 13889 58630  29   6  65   0   0   0
   1    0            0      7148212        25248       329648    0    0     0     0 13827 58234  30   6  65   0   0   0
   1    0            0      7149812        25248       329648    0    0     0     0 13812 58272  28   6  65   0   0   0
   1    0            0      7150424        25256       329652    0    0     0   156 13837 57518  29   6  65   0   0   0
   1    0            0      7151492        25256       329664    0    0     0     0 13764 57525  29   6  65   0   0   0
   1    0            0      7278708        25256       329576    0    0     0    16 7404 28984  18   4  78   0   0   0
   3    0            0      7208336        25256       329632    0    0     0     0 3517 3850  25   4  71   0   0   0
--procs-- -----------------------memory---------------------- ---swap-- -----io---- -system-- ----------cpu----------
   r    b         swpd         free         buff        cache   si   so    bi    bo   in   cs  us  sy  id  wa  st  gu
   1    0            0      7204668        25256       329636    0    0     0     0 4289 5347  26   5  69   0   0   0
   1    0            0      7176696        25256       329640    0    0     0     0 4268 4824  27   4  70   0   0   0
   1    0            0      7176444        25256       329640    0    0     0     0 4062 4988  27   3  70   0   0   0
   1    0            0      7160064        25256       329648    0    0     0    88 4050 4666  27   4  70   0   0   0
   1    0            0      7160064        25256       329648    0    0     0  1820 4184 5143  26   4  70   0   0   0
   1    0            0      7159812        25256       329648    0    0     0     0 4166 5111  27   4  70   0   0   0
   1    0            0      7159560        25256       329656    0    0     0     0 4126 5011  26   4  70   0   0   0
   1    0            0      7158552        25256       329656    0    0     0     0 4280 5284  26   4  70   0   0   0
   1    0            0      7158048        25256       329656    0    0     0     0 4007 4874  26   3  71   0   0   0
   1    0            0      7157292        25256       329668    0    0     0     0 4089 5057  26   4  70   0   0   0
   1    0            0      7156788        25256       329668    0    0     0     0 4141 5113  26   4  70   0   0   0
   1    0            0      7156284        25256       329668    0    0     0     0 4046 4949  26   4  70   0   0   0
   1    0            0      7156032        25256       329668    0    0     0     0 4075 5000  26   4  70   0   0   0
   1    0            0      7155024        25256       329676    0    0     0     0 4192 5203  27   4  70   0   0   0
   1    0            0      7154520        25256       329676    0    0     0    20 4111 5056  26   4  70   0   0   0
   1    0            0      7233116        25264       329700    0    0     0    60 2523 2952  15   3  82   0   0   0
   3    0            0      7240952        25264       329700    0    0     0     0 4110 4691  27   4  69   0   0   0
   1    0            0      7214964        25264       329712    0    0     0     0 4166 4897  27   4  69   0   0   0
   1    0            0      7189764        25264       329712    0    0     0     0 4201 4926  26   4  70   0   0   0
   3    0            0      7185732        25264       329716    0    0     0    80 4274 5236  27   3  70   0   0   0
   1    0            0      7185228        25264       329716    0    0     0     0 4063 5055  27   3  70   0   0   0
--procs-- -----------------------memory---------------------- ---swap-- -----io---- -system-- ----------cpu----------
   r    b         swpd         free         buff        cache   si   so    bi    bo   in   cs  us  sy  id  wa  st  gu
   1    0            0      7184724        25264       329716    0    0     0     0 4180 5113  27   3  70   0   0   0
   1    0            0      7184220        25264       329724    0    0     0     0 4033 5003  26   4  71   0   0   0
   1    0            0      7183212        25264       329724    0    0     0     0 4151 5058  27   3  70   0   0   0
   1    0            0      7173636        25264       329728    0    0     0     8 4245 5184  26   4  70   0   0   0
   1    0            0      7164060        25264       329728    0    0     0     0 4204 5114  26   4  70   0   0   0
   1    0            0      7164060        25264       329728    0    0     0     0 3971 4878  26   4  70   0   0   0
   1    0            0      7163052        25264       329736    0    0     0    72 4005 4810  27   4  70   0   0   0
   1    0            0      7162548        25264       329736    0    0     0     0 4051 5076  26   4  70   0   0   0
   1    0            0      7162044        25264       329740    0    0     0    28 4011 5042  26   4  70   0   0   0
   1    0            0      7161872        25264       329740    0    0     0     0 4167 5112  26   3  70   0   0   0
   3    0            0      7161288        25264       329740    0    0     0     0 4273 5409  27   3  70   0   0   0
   1    0            0      7226700        25268       329744    0    0     0     0 2325 2514  15   4  82   0   0   0
   1    0            0      7225024        25268       329792    0    0     0     0 4073 4886  26   5  69   0   0   0
   1    0            0      7215296        25268       329768    0    0     0     4 4367 5262  27   3  69   0   0   0
   1    0            0      7184300        25268       329768    0    0     0     0 4412 5137  26   4  70   0   0   0
   1    0            0      7184300        25268       329772    0    0     0     0 4149 5062  26   3  71   0   0   0
   1    0            0      7184300        25268       329772    0    0     0     0 4320 5227  27   4  70   0   0   0
   2    0            0      7159036        25276       329856    0    0     0    92 4273 4993  30   5  65   0   0   0
   1    0            0      7142504        25292       329868    0    0     0   100 4346 5342  29   4  67   0   0   0
   1    0            0      7146356        25292       329872    0    0     0     0 4187 5126  26   4  70   0   0   0
   3    0            0      7139300        25292       329876    0    0     0     0 4196 4847  26   4  70   0   0   0
--procs-- -----------------------memory---------------------- ---swap-- -----io---- -system-- ----------cpu----------
   r    b         swpd         free         buff        cache   si   so    bi    bo   in   cs  us  sy  id  wa  st  gu
   1    0            0      7137284        25292       329880    0    0     0     0 4201 5129  26   3  71   0   0   0
   1    0            0      7137424        25292       329884    0    0     0     0 4181 5103  26   4  70   0   0   0
   1    0            0      7140112        25292       329884    0    0     0     0 4207 5170  26   4  71   0   0   0
   1    0            0      7143548        25292       329888    0    0     0  3600 4062 4929  27   3  70   0   0   0
   1    0            0      7145596        25292       329888    0    0     0     0 4145 5076  26   3  71   0   0   0
   1    0            0      7147108        25292       329892    0    0     0     0 4008 4898  27   3  70   0   0   0
   0    0            0      7282364        25292       329892    0    0     0     0 3591 4513  23   4  74   0   0   0
   1    0            0      7211260        25292       329860    0    0     0   100 2670 2784  18   4  78   0   0   0
   4    0            0      7216036        25292       329880    0    0     0     0 4251 5025  26   5  69   0   0   0
   1    0            0      7202428        25292       329888    0    0     0     0 4170 5246  27   4  70   0   0   0
   1    0            0      7180504        25292       329888    0    0     0     0 4076 4840  26   4  70   0   0   0
   1    0            0      7180252        25292       329888    0    0     0     0 3973 4960  27   3  70   0   0   0
   3    0            0      7180000        25292       329892    0    0     0     0 3923 4874  27   3  70   0   0   0
   1    0            0      7179748        25292       329892    0    0     0     8 3956 4862  27   3  70   0   0   0
   1    0            0      7179244        25292       329900    0    0     0     0 3792 4726  26   3  71   0   0   0
   1    0            0      7178740        25292       329900    0    0     0     0 3932 4910  26   4  70   0   0   0
   3    0            0      7164628        25292       329900    0    0     0     0 3799 4486  26   4  70   0   0   0
   1    0            0      7159588        25292       329904    0    0     0     0 3811 4615  26   3  70   0   0   0
   1    0            0      7159084        25292       329904    0    0     0     0 3878 4822  26   3  71   0   0   0
   1    0            0      7158580        25292       329912    0    0     0     0 4016 4957  27   4  70   0   0   0
   1    0            0      7158076        25292       329912    0    0     0     0 4006 4933  26   3  71   0   0   0
--procs-- -----------------------memory---------------------- ---swap-- -----io---- -system-- ----------cpu----------
   r    b         swpd         free         buff        cache   si   so    bi    bo   in   cs  us  sy  id  wa  st  gu
   1    0            0      7157068        25292       329912    0    0     0     0 3936 4894  26   4  70   0   0   0
   3    0            0      7156816        25292       329916    0    0     0     0 4003 4926  26   3  71   0   0   0
   1    0            0      7297288        25292       329860    0    0     0    24 2724 3658  17   3  80   0   0   0
   1    0            0      7208092        25292       329920    0    0     0     0 3619 3669  25   4  71   0   0   0
   1    0            0      7211488        25292       329940    0    0     0     0 4307 5207  27   5  69   0   0   0
   1    0            0      7181248        25292       329944    0    0     0     0 4363 5157  27   4  69   0   0   0
   1    0            0      7180996        25300       329944    0    0     0   140 4138 5104  26   3  71   0   0   0
   1    0            0      7166128        25300       329952    0    0     0     0 4214 4874  26   4  70   0   0   0
   1    0            0      7165876        25300       329952    0    0     0     0 3988 4932  26   4  70   0   0   0
   1    0            0      7165624        25300       329960    0    0     0     0 4114 5025  27   3  70   0   0   0
   1    0            0      7165120        25300       329960    0    0     0     0 4076 5136  26   4  70   0   0   0
   1    0            0      7164616        25300       329964    0    0     0     0 4079 5032  27   3  70   0   0   0
   1    0            0      7164112        25300       329964    0    0     0     0 4020 4951  26   3  71   0   0   0
   1    0            0      7162348        25300       329968    0    0     0     0 4086 5005  27   4  70   0   0   0
   3    0            0      7162096        25300       329968    0    0     0     0 4032 4975  26   4  70   0   0   0
   3    0            0      7161592        25300       329976    0    0     0     0 4074 5057  27   3  70   0   0   0
   1    0            0      7161168        25300       329976    0    0     0     0 4065 5059  26   4  70   0   0   0
   1    0            0      7160836        25300       329980    0    0     0    16 4079 5058  26   4  70   0   0   0
   1    0            0      7160332        25300       329980    0    0     0     0 3984 4860  26   3  70   0   0   0
   1    0            0      7238128        25300       329876    0    0     0     0 2328 2816  15   4  82   0   0   0
   3    0            0      7246696        25300       330036    0    0     0     0 4066 4917  27   5  69   0   0   0
--procs-- -----------------------memory---------------------- ---swap-- -----io---- -system-- ----------cpu----------
   r    b         swpd         free         buff        cache   si   so    bi    bo   in   cs  us  sy  id  wa  st  gu
   3    0            0      7213916        25300       330044    0    0     0     0 4087 4775  27   4  69   0   0   0
   1    0            0      7186448        25300       330048    0    0     0    92 4092 4727  27   3  70   0   0   0
   1    0            0      7185188        25300       330048    0    0     0     0 3940 4858  26   4  70   0   0   0
   1    0            0      7184432        25300       330048    0    0     0     0 3923 4882  27   3  70   0   0   0
   1    0            0      7183676        25300       330056    0    0     0     0 3943 5016  27   3  70   0   0   0
   1    0            0      7183172        25300       330056    0    0     0     0 4043 4997  26   4  71   0   0   0
   1    0            0      7164524        25300       330056    0    0     0     8 4287 5134  26   4  70   0   0   0
   1    0            0      7164524        25300       330068    0    0     0     0 4110 5044  26   4  70   0   0   0
   3    0            0      7163264        25300       330068    0    0     0     0 4082 4988  26   4  70   0   0   0
   1    0            0      7162760        25300       330076    0    0     0     0 3990 4977  26   3  70   0   0   0
   1    0            0      7162256        25300       330076    0    0     0     0 4109 5157  27   4  70   0   0   0
   3    0            0      7162004        25300       330076    0    0     0     0 3937 4827  27   3  70   0   0   0
   1    0            0      7161248        25300       330080    0    0     0    24 4032 5071  26   4  70   0   0   0
   1    0            0      7160996        25300       330080    0    0     0     0 3994 4969  27   4  70   0   0   0
   3    0            0      7160492        25300       330088    0    0     0     0 4033 5155  26   4  70   0   0   0
   1    0            0      7233556        25312       329956    0    0     0    84 2717 3520  15   3  81   0   0   0
   1    0            0      7225972        25312       330012    0    0     0    72 7139 14559  27   6  67   0   0   0
   1    0            0      7178948        25312       330108    0    0     0     8 10684 37182  28   6  66   0   0   0
   1    0            0      7177412        25312       330112    0    0     0     0 12438 47641  29   6  66   0   0   0
   1    0            0      7167972        25312       330112    0    0     0     0 12455 50514  28   7  65   0   0   0
   1    0            0      7166328        25312       330116    0    0     0     0 12562 52274  28   6  66   0   0   0
--procs-- -----------------------memory---------------------- ---swap-- -----io---- -system-- ----------cpu----------
   r    b         swpd         free         buff        cache   si   so    bi    bo   in   cs  us  sy  id  wa  st  gu
   1    0            0      7166076        25312       330120    0    0     0     0 12612 51567  29   5  66   0   0   0
   2    0            0      7163556        25312       330128    0    0     0     0 12984 52396  28   6  66   0   0   0
   1    0            0      7163052        25312       330128    0    0     0     0 13104 51787  29   5  66   0   0   0
   1    0            0      7162548        25312       330128    0    0     0     0 13033 52880  28   6  66   0   0   0
   1    0            0      7162296        25312       330132    0    0     0     0 13335 54392  28   6  65   0   0   0
   1    0            0      7157760        25312       330172    0    0     0     0 13140 54036  28   7  66   0   0   0
   3    0            0      7156500        25312       330180    0    0     0     0 13240 54801  29   5  66   0   0   0
   1    0            0      7156248        25312       330180    0    0     0     0 13447 55933  28   6  66   0   0   0
   1    0            0      7155996        25312       330180    0    0     0     0 13388 55253  29   5  66   0   0   0
   2    0            0      7155492        25312       330188    0    0     0     0 13432 55986  29   6  65   0   0   0
   0    0            0      7291172        25312       330188    0    0     0     0 11458 45990  26   5  69   0   0   0
   1    0            0      7223792        25312       330168    0    0     0    96 2268 2261  17   4  80   0   0   0
   1    0            0      7217136        25312       330172    0    0     0     0 4268 5831  27   5  69   0   0   0
   1    0            0      7180268        25312       330176    0    0     0     0 4114 4935  26   4  70   0   0   0
   1    0            0      7177244        25312       330176    0    0     0     0 3928 4716  27   3  70   0   0   0
   1    0            0      7164140        25312       330180    0    0     0     0 4108 5013  26   4  70   0   0   0
   3    0            0      7159604        25312       330180    0    0     0     8 4131 4975  26   4  70   0   0   0
   1    0            0      7159352        25312       330188    0    0     0     0 3936 4864  26   3  70   0   0   0
   1    0            0      7158848        25312       330188    0    0     0     0 3987 4969  26   4  70   0   0   0
   1    0            0      7158344        25312       330188    0    0     0     0 4070 5018  27   3  70   0   0   0
   1    0            0      7157840        25312       330192    0    0     0     0 3897 4810  26   4  70   0   0   0
--procs-- -----------------------memory---------------------- ---swap-- -----io---- -system-- ----------cpu----------
   r    b         swpd         free         buff        cache   si   so    bi    bo   in   cs  us  sy  id  wa  st  gu
   1    0            0      7156832        25312       330192    0    0     0     0 4081 5062  26   4  70   0   0   0
   1    0            0      7156328        25312       330196    0    0     0     0 4031 4976  26   4  71   0   0   0
   1    0            0      7155824        25312       330196    0    0     0     0 4056 5012  27   3  70   0   0   0
   1    0            0      7155320        25320       330204    0    0     0    64 4097 5064  26   4  70   0   0   0
   1    0            0      7154472        25320       330204    0    0     0     0 3989 4888  27   4  70   0   0   0
   1    0            0      7154060        25320       330204    0    0     0    24 4047 5011  26   3  71   0   0   0
   0    0            0      7298716        25320       330124    0    0     0     0 2943 4036  18   3  79   0   0   0
   2    0            0      7184568        25320       330288    0    0     0     4 4016 4225  29   7  64   0   0   0
   1    0            0      7187872        25320       330244    0    0     0    20 4480 5369  27   6  68   0   0   0
   1    0            0      7161948        25320       330248    0    0     0     0 4104 4609  27   4  69   0   0   0
   1    0            0      7165140        25320       330252    0    0     0     0 4068 4957  26   4  70   0   0   0
   1    0            0      7149472        25320       330256    0    0     0     0 4086 4776  27   3  70   0   0   0
   1    0            0      7152048        25320       330256    0    0     0     0 3922 4909  26   4  70   0   0   0
   1    0            0      7154272        25320       330260    0    0     0     0 4119 5161  26   4  70   0   0   0
   1    0            0      7155932        25320       330260    0    0     0     0 4140 5167  26   4  70   0   0   0
   3    0            0      7157072        25320       330264    0    0     0     0 4147 5129  26   4  70   0   0   0
   1    0            0      7157044        25320       330268    0    0     0     0 4022 5016  26   3  71   0   0   0
   1    0            0      7156540        25320       330268    0    0     0     0 4151 5130  26   3  70   0   0   0
   1    0            0      7156288        25320       330268    0    0     0     0 4113 5117  26   4  70   0   0   0
   1    0            0      7155784        25320       330272    0    0     0     0 4077 5058  27   3  70   0   0   0
   1    0            0      7155280        25320       330272    0    0     0     0 3910 4865  27   3  70   0   0   0
--procs-- -----------------------memory---------------------- ---swap-- -----io---- -system-- ----------cpu----------
   r    b         swpd         free         buff        cache   si   so    bi    bo   in   cs  us  sy  id  wa  st  gu
   1    0            0      7154856        25320       330280    0    0     0    96 3991 4947  27   3  70   0   0   0
   3    0            0      7154272        25320       330280    0    0     0     0 3921 4774  26   4  70   0   0   0
   1    0            0      7259956        25320       330180    0    0     0     0 2276 2880  15   3  83   0   0   0
   4    0            0      7223568        25320       330180    0    0     0     0 6047 11607  27   5  68   0   0   0
   1    0            0      7205952        25320       330220    0    0     0     0 11181 36430  29   6  66   0   0   0
   1    0            0      7178620        25320       330220    0    0     0    12 13465 53331  29   6  66   0   0   0
   1    0            0      7174088        25320       330228    0    0     0     0 13624 55839  29   6  65   0   0   0
   3    0            0      7167456        25320       330228    0    0     0     0 13300 56252  29   6  65   0   0   0
   3    0            0      7166024        25320       330228    0    0     0     0 13438 56308  29   5  66   0   0   0
   3    0            0      7163296        25320       330280    0    0     0     0 13533 57020  29   6  65   0   0   0
   1    0            0      7162828        25320       330312    0    0     0     0 13625 57057  29   6  65   0   0   0
   1    0            0      7161688        25320       330332    0    0     0     0 13694 57591  29   5  66   0   0   0
   3    0            0      7161184        25332       330364    0    0     0   104 13779 58242  29   6  65   0   0   0
   3    0            0      7160508        25332       330388    0    0     0    88 13947 58855  29   6  66   0   0   0
   1    0            0      7159924        25332       330420    0    0     0     0 13960 58952  29   7  65   0   0   0
   1    0            0      7159420        25332       330420    0    0     0     0 13907 59536  29   6  65   0   0   0
   1    0            0      7159248        25332       330424    0    0     0     0 13847 58784  29   6  66   0   0   0
   1    0            0      7158664        25332       330424    0    0     0  3568 13892 58891  29   6  65   0   0   0
   1    0            0      7157908        25332       330436    0    0     0     0 13860 58789  29   6  64   0   0   0
   3    0            0      7227248        25336       330272    0    0     0     0 3711 10374  15   4  81   0   0   0
   1    0            0      7214144        25336       330344    0    0     0    32 4300 5349  27   5  68   0   0   0
--procs-- -----------------------memory---------------------- ---swap-- -----io---- -system-- ----------cpu----------
   r    b         swpd         free         buff        cache   si   so    bi    bo   in   cs  us  sy  id  wa  st  gu
   3    0            0      7196936        25336       330380    0    0     0     0 3865 4433  27   4  70   0   0   0
   1    0            0      7180556        25336       330388    0    0     0     0 4294 5144  27   4  69   0   0   0
   1    0            0      7176272        25336       330388    0    0     0     0 4079 4856  26   3  71   0   0   0
   1    0            0      7162916        25336       330388    0    0     0     0 4224 4894  27   4  70   0   0   0
   1    0            0      7162916        25336       330392    0    0     0     0 4001 4918  26   4  71   0   0   0
   3    0            0      7162412        25336       330392    0    0     0     0 3927 4694  27   3  70   0   0   0
   1    0            0      7161908        25336       330400    0    0     0     0 3981 4793  26   4  70   0   0   0
   1    0            0      7161404        25336       330400    0    0     0     0 4035 4974  26   3  70   0   0   0
   1    0            0      7161152        25336       330400    0    0     0     0 3937 4870  26   3  71   0   0   0
   1    0            0      7160396        25336       330404    0    0     0    80 3869 4596  27   4  70   0   0   0
   3    0            0      7159892        25336       330404    0    0     0     0 3769 4607  26   3  71   0   0   0
   3    0            0      7159468        25336       330412    0    0     0     0 4038 4947  26   4  70   0   0   0
   1    0            0      7159136        25336       330412    0    0     0     0 4060 4877  26   4  70   0   0   0
   1    0            0      7158632        25336       330412    0    0     0     0 4197 5127  26   4  70   0   0   0
   0    0            0      7297912        25336       330420    0    0     0     0 4137 5207  26   4  71   0   0   0
   3    0            0      7240736        25336       330316    0    0     0    24 7687 26592  16   5  79   0   0   0
   1    0            0      7235948        25336       330332    0    0     0     0 15162 49931  29   7  65   0   0   0
   1    0            0      7221836        25336       330332    0    0     0     0 13282 35678  28   6  66   0   0   0
   1    0            0      7209740        25336       330332    0    0     0     0 12997 34889  28   6  66   0   0   0
   1    0            0      7208984        25336       330340    0    0     0     0 13746 39629  28   5  66   0   0   0
   1    0            0      7208984        25336       330340    0    0     0     0 13817 39385  28   6  67   0   0   0
--procs-- -----------------------memory---------------------- ---swap-- -----io---- -system-- ----------cpu----------
   r    b         swpd         free         buff        cache   si   so    bi    bo   in   cs  us  sy  id  wa  st  gu
   2    0            0      7208984        25340       330340    0    0     0    36 13774 39426  28   6  66   0   0   0
   1    0            0      7208228        25344       330344    0    0     0    60 12754 34528  28   5  67   0   0   0
   3    0            0      7207976        25344       330344    0    0     0     0 13683 37882  28   6  66   0   0   0
   4    0            0      7207028        25344       330348    0    0     0     0 14550 44681  29   6  65   0   0   0
   1    0            0      7206356        25344       330348    0    0     0     0 13992 40065  29   5  66   0   0   0
   1    0            0      7270664        25344       330364    0    0     0     0 7142 18800  17   4  79   0   0   0
   2    0            0      7228140        25344       330368    0    0     0     0 8819 18261  26   4  70   0   0   0
   1    0            0      7226868        25344       330376    0    0     0     0 12160 31636  27   6  67   0   0   0
   3    0            0      7222476        25344       330376    0    0     0     0 14101 40459  28   6  66   0   0   0
   1    0            0      7207576        25344       330384    0    0     0    16 11474 28644  28   5  67   0   0   0
   1    0            0      7207320        25344       330384    0    0     0     0 12599 34157  28   5  67   0   0   0
   3    0            0      7206620        25344       330392    0    0     0     0 14112 42647  28   6  66   0   0   0
   1    0            0      7206144        25344       330392    0    0     0     0 13929 40694  29   5  66   0   0   0
   1    0            0      7205224        25344       330392    0    0     0     0 13771 40312  28   5  67   0   0   0
   1    0            0      7204492        25344       330396    0    0     0     0 13536 38509  28   5  67   0   0   0
   4    0            0      7203540        25344       330396    0    0     0     0 13507 39301  29   5  67   0   0   0
   1    0            0      7202872        25344       330404    0    0     0     0 14386 41422  28   5  67   0   0   0
   1    0            0      7242904        25344       330448    0    0     0     0 4829 10760  15   3  82   0   0   0
   1    0            0      7240832        25344       330456    0    0     0     0 11568 28761  27   6  67   0   0   0
   1    0            0      7221516        25344       330456    0    0     0     0 13494 38796  28   6  66   0   0   0
   1    0            0      7206200        25344       330456    0    0     0     0 12884 33283  27   6  67   0   0   0
--procs-- -----------------------memory---------------------- ---swap-- -----io---- -system-- ----------cpu----------
   r    b         swpd         free         buff        cache   si   so    bi    bo   in   cs  us  sy  id  wa  st  gu
   2    0            0      7205944        25344       330464    0    0     0     0 12674 32859  27   5  67   0   0   0
   1    0            0      7204236        25344       330464    0    0     0     0 13633 38585  28   6  66   0   0   0
   1    0            0      7203344        25344       330464    0    0     0     0 11945 31252  28   5  67   0   0   0
   1    0            0      7202108        25344       330468    0    0     0   112 11965 30936  28   5  67   0   0   0
   1    0            0      7200148        25344       330468    0    0     0     0 12252 32804  29   5  67   0   0   0
   1    0            0      7199700        25344       330472    0    0     0     0 14419 42364  28   6  66   0   0   0
   1    0            0      7198752        25344       330472    0    0     0     0 12294 33933  28   6  66   0   0   0
   0    0            0      7287992        25344       330496    0    0     0     0 9345 24542  21   4  75   0   0   0
   1    0            0      7232864        25348       330500    0    0     0   988 8781 22710  22   5  73   0   0   0
   1    0            0      7221236        25348       330508    0    0     0     0 12682 32222  28   6  66   0   0   0
   1    0            0      7213984        25356       330520    0    0     0   184 13972 39737  28   5  66   0   0   0
   1    0            0      7174860        25360       330540    0    0     0    24 13116 38360  34   8  58   0   0   0
   3    0            0      7174412        25360       330540    0    0     0     0 12360 33981  27   6  67   0   0   0
   1    0            0      7177304        25360       330544    0    0     0     0 12948 35482  28   6  67   0   0   0
   2    0            0      7176320        25360       330544    0    0     0     0 13637 39116  28   5  67   0   0   0
   3    0            0      7179220        25360       330548    0    0     0     0 14007 41390  28   5  67   0   0   0
   1    0            0      7181164        25360       330552    0    0     0     0 13703 39088  28   5  67   0   0   0
   3    0            0      7182240        25360       330552    0    0     0     0 13330 37929  28   6  67   0   0   0
   1    0            0      7186316        25360       330556    0    0     0     0 14278 42960  28   5  66   0   0   0
   1    0            0      7243648        25360       330568    0    0     0    16 6195 18454  16   3  81   0   0   0
   3    0            0      7236360        25360       330580    0    0     0     0 12433 32376  28   6  67   0   0   0
--procs-- -----------------------memory---------------------- ---swap-- -----io---- -system-- ----------cpu----------
   r    b         swpd         free         buff        cache   si   so    bi    bo   in   cs  us  sy  id  wa  st  gu
   4    0            0      7215988        25360       330584    0    0     0     0 11617 28645  28   5  67   0   0   0
   2    0            0      7197508        25360       330584    0    0     0     0 13875 40712  28   6  66   0   0   0
   1    0            0      7195992        25360       330584    0    0     0     0 14013 41332  28   6  66   0   0   0
   3    0            0      7195100        25360       330588    0    0     0     0 11735 30088  28   5  67   0   0   0
   3    0            0      7194348        25360       330588    0    0     0     0 13247 35981  27   5  68   0   0   0
   3    0            0      7193416        25360       330592    0    0     0     0 14542 43911  29   5  66   0   0   0
   3    0            0      7192524        25360       330592    0    0     0     0 12993 34521  27   6  67   0   0   0
   1    0            0      7191792        25360       330600    0    0     0     0 13306 38616  28   6  66   0   0   0
   1    0            0      7190084        25360       330600    0    0     0    16 12723 34819  28   6  66   0   0   0
   0    0            0      7279256        25360       330600    0    0     0     0 13357 38491  27   5  67   0   0   0
   1    0            0      7234024        25360       330616    0    0     0     0 5684 13041  16   3  81   0   0   0
   3    0            0      7224516        25360       330624    0    0     0     0 10667 24917  27   5  68   0   0   0
   1    0            0      7214740        25360       330628    0    0     0     0 13039 34679  28   5  67   0   0   0
   3    0            0      7189124        25360       330628    0    0     0    80 13033 37849  28   5  67   0   0   0
   3    0            0      7188452        25360       330632    0    0     0     0 13278 36326  28   5  67   0   0   0
   1    0            0      7187528        25360       330632    0    0     0     0 10728 25954  27   5  68   0   0   0
   1    0            0      7186576        25360       330632    0    0     0     0 14502 44519  28   5  66   0   0   0
   4    0            0      7186068        25360       330636    0    0     0     0 14766 46064  28   6  66   0   0   0
   1    0            0      7185116        25360       330636    0    0     0    40 13416 36858  28   5  67   0   0   0
   1    0            0      7184896        25372       330644    0    0     0   112 14538 45344  28   6  66   0   0   0
   1    0            0      7186368        25372       330644    0    0     0     0 14159 41568  28   6  66   0   0   0
--procs-- -----------------------memory---------------------- ---swap-- -----io---- -system-- ----------cpu----------
   r    b         swpd         free         buff        cache   si   so    bi    bo   in   cs  us  sy  id  wa  st  gu
   1    0            0      7275496        25372       330660    0    0     0  3728 7119 18148  17   4  79   0   0   0
   1    0            0      7219284        25372       330664    0    0     0     0 9358 21095  25   5  70   0   0   0
   3    0            0      7227444        25372       330672    0    0     0     0 11138 27379  27   5  67   0   0   0
   1    0            0      7223720        25372       330672    0    0     0     0 12571 33290  28   6  67   0   0   0
   1    0            0      7205128        25372       330680    0    0     0     0 12006 31311  28   5  67   0   0   0
   1    0            0      7204648        25372       330680    0    0     0     0 13948 39610  28   6  66   0   0   0
   1    0            0      7204424        25372       330680    0    0     0     0 14321 41136  29   5  66   0   0   0
   1    0            0      7204200        25372       330684    0    0     0     8 14002 42005  28   5  67   0   0   0
   2    0            0      7203532        25372       330684    0    0     0     0 14076 41126  28   5  66   0   0   0
   1    0            0      7202356        25372       330692    0    0     0     0 13673 38649  28   5  67   0   0   0
   2    0            0      7201404        25372       330692    0    0     0     0 14056 41807  27   6  67   0   0   0
   1    0            0      7200676        25372       330700    0    0     0     0 14123 42068  28   6  66   0   0   0
   1    0            0      7253744        25376       330720    0    0     0     8 6772 22540  16   3  81   0   0   0
   1    0            0      7243540        25376       330728    0    0     0     0 15492 51188  28   7  66   0   0   0
   1    0            0      7227340        25376       330728    0    0     0     0 14665 42419  29   6  65   0   0   0
   1    0            0      7208688        25376       330732    0    0     0     0 14958 45031  29   5  66   0   0   0
   1    0            0      7207796        25376       330732    0    0     0     0 14784 46884  28   6  65   0   0   0
   1    0            0      7207064        25376       330740    0    0     0     0 13297 38826  28   5  66   0   0   0
   1    0            0      7206172        25376       330740    0    0     0     0 11704 29401  28   5  67   0   0   0
   2    0            0      7204716        25376       330740    0    0     0     0 13112 36078  28   5  67   0   0   0
   3    0            0      7203480        25376       330744    0    0     0     0 15300 49519  29   6  65   0   0   0
--procs-- -----------------------memory---------------------- ---swap-- -----io---- -system-- ----------cpu----------
   r    b         swpd         free         buff        cache   si   so    bi    bo   in   cs  us  sy  id  wa  st  gu
   1    0            0      7201580        25376       330744    0    0     0     0 12294 32922  28   5  67   0   0   0
   1    0            0      7200628        25376       330748    0    0     0     0 13661 38917  28   5  66   0   0   0
   0    0            0      7288948        25376       330752    0    0     0    92 10889 31305  22   5  73   0   0   0
